
*************************************Состояние передачи данных**************************************

create: В ожидании
sendBefore: []
sendAfter: []
buffer: []
receiveBefore: []
receiveAfter: []
Change: В ожидании


Итерация 2:

*********************************Состояние работы потоков с данными*********************************

create: [4, 3, 6, 5, 2, 7, 1, 7, 2, 7, 3, 1, 8, 9, 3, 5, 1, 6, 7, 5, 7, 1, 8, 2, 2, 6, 8, 4, 2, 5, 8, 5, 7, 1, 8, 6, 8, 6, 1, 2, 4, 1, 1, 9, 3, 1, 7, 5, 1, 3, 9, 6, 8, 8, 7, 4, 4, 3, 8, 5, 5, 3, 6, 3, 1, 1, 2, 5, 5, 7, 3, 4, 1, 6, 9, 2, 9, 9, 8, 4, 4, 7, 7, 8, 6, 5, 1, 2, 6, 1, 7, 9, 2, 4, 2, 3, 2, 7, 6, 8]
send: В ожидании
receive: В ожидании
Change: []

*************************************Состояние передачи данных**************************************

create: В ожидании
sendBefore: [4, 3, 6, 5, 2, 7, 1, 7, 2, 7, 3, 1, 8, 9, 3, 5, 1, 6, 7, 5, 7, 1, 8, 2, 2, 6, 8, 4, 2, 5, 8, 5, 7, 1, 8, 6, 8, 6, 1, 2, 4, 1, 1, 9, 3, 1, 7, 5, 1, 3, 9, 6, 8, 8, 7, 4, 4, 3, 8, 5, 5, 3, 6, 3, 1, 1, 2, 5, 5, 7, 3, 4, 1, 6, 9, 2, 9, 9, 8, 4, 4, 7, 7, 8, 6, 5, 1, 2, 6, 1, 7, 9, 2, 4, 2, 3, 2, 7, 6, 8]
sendAfter: [9, 6, 8, 8, 7, 4, 4, 3, 8, 5, 5, 3, 6, 3, 1, 1, 2, 5, 5, 7, 3, 4, 1, 6, 9, 2, 9, 9, 8, 4, 4, 7, 7, 8, 6, 5, 1, 2, 6, 1, 7, 9, 2, 4, 2, 3, 2, 7, 6, 8]
buffer: [4, 3, 6, 5, 2, 7, 1, 7, 2, 7, 3, 1, 8, 9, 3, 5, 1, 6, 7, 5, 7, 1, 8, 2, 2, 6, 8, 4, 2, 5, 8, 5, 7, 1, 8, 6, 8, 6, 1, 2, 4, 1, 1, 9, 3, 1, 7, 5, 1, 3]
receiveBefore: []
receiveAfter: [4, 3, 6, 5, 2, 7, 1, 7, 2, 7, 3, 1, 8, 9, 3, 5, 1, 6, 7, 5, 7, 1, 8, 2, 2, 6, 8, 4, 2, 5, 8, 5, 7, 1, 8, 6, 8, 6, 1, 2, 4, 1, 1, 9, 3, 1, 7, 5, 1, 3]
Change: В ожидании

*************************************Состояние передачи данных**************************************

create: В ожидании
sendBefore: [9, 6, 8, 8, 7, 4, 4, 3, 8, 5, 5, 3, 6, 3, 1, 1, 2, 5, 5, 7, 3, 4, 1, 6, 9, 2, 9, 9, 8, 4, 4, 7, 7, 8, 6, 5, 1, 2, 6, 1, 7, 9, 2, 4, 2, 3, 2, 7, 6, 8]
sendAfter: []
buffer: [9, 6, 8, 8, 7, 4, 4, 3, 8, 5, 5, 3, 6, 3, 1, 1, 2, 5, 5, 7, 3, 4, 1, 6, 9, 2, 9, 9, 8, 4, 4, 7, 7, 8, 6, 5, 1, 2, 6, 1, 7, 9, 2, 4, 2, 3, 2, 7, 6, 8]
receiveBefore: [4, 3, 6, 5, 2, 7, 1, 7, 2, 7, 3, 1, 8, 9, 3, 5, 1, 6, 7, 5, 7, 1, 8, 2, 2, 6, 8, 4, 2, 5, 8, 5, 7, 1, 8, 6, 8, 6, 1, 2, 4, 1, 1, 9, 3, 1, 7, 5, 1, 3]
receiveAfter: [4, 3, 6, 5, 2, 7, 1, 7, 2, 7, 3, 1, 8, 9, 3, 5, 1, 6, 7, 5, 7, 1, 8, 2, 2, 6, 8, 4, 2, 5, 8, 5, 7, 1, 8, 6, 8, 6, 1, 2, 4, 1, 1, 9, 3, 1, 7, 5, 1, 3, 9, 6, 8, 8, 7, 4, 4, 3, 8, 5, 5, 3, 6, 3, 1, 1, 2, 5, 5, 7, 3, 4, 1, 6, 9, 2, 9, 9, 8, 4, 4, 7, 7, 8, 6, 5, 1, 2, 6, 1, 7, 9, 2, 4, 2, 3, 2, 7, 6, 8]
Change: В ожидании


Итерация 5:

*********************************Состояние работы потоков с данными*********************************

create: [4, 9, 1, 1, 4, 4, 5, 4, 4, 6, 9, 7, 1, 2, 9, 3, 2, 8, 8, 8, 2, 9, 2, 4, 6, 2, 5, 8, 2, 5, 9, 7, 7, 6, 1, 7, 5, 6, 2, 4, 8, 7, 7, 1, 8, 6, 8, 5, 7, 8, 5, 4, 7, 2, 8, 4, 2, 7, 7, 6, 8, 9, 6, 8, 7, 1, 2, 6, 3, 9, 3, 9, 2, 8, 3, 3, 3, 8, 2, 2, 4, 7, 2, 8, 8, 4, 1, 2, 3, 8, 4, 9, 8, 4, 9, 1, 1, 2, 8, 9]
send: В ожидании
receive: В ожидании
Change: [14, 13, 16, 15, 12, 17, 11, 17, 12, 17, 13, 11, 18, 19, 13, 15, 11, 16, 17, 15, 17, 11, 18, 12, 12, 16, 18, 14, 12, 15, 18, 15, 17, 11, 18, 16, 18, 16, 11, 12, 14, 11, 11, 19, 13, 11, 17, 15, 11, 13, 19, 16, 18, 18, 17, 14, 14, 13, 18, 15, 15, 13, 16, 13, 11, 11, 12, 15, 15, 17, 13, 14, 11, 16, 19, 12, 19, 19, 18, 14, 14, 17, 17, 18, 16, 15, 11, 12, 16, 11, 17, 19, 12, 14, 12, 13, 12, 17, 16, 18]

*************************************Состояние передачи данных**************************************

create: В ожидании
sendBefore: [4, 9, 1, 1, 4, 4, 5, 4, 4, 6, 9, 7, 1, 2, 9, 3, 2, 8, 8, 8, 2, 9, 2, 4, 6, 2, 5, 8, 2, 5, 9, 7, 7, 6, 1, 7, 5, 6, 2, 4, 8, 7, 7, 1, 8, 6, 8, 5, 7, 8, 5, 4, 7, 2, 8, 4, 2, 7, 7, 6, 8, 9, 6, 8, 7, 1, 2, 6, 3, 9, 3, 9, 2, 8, 3, 3, 3, 8, 2, 2, 4, 7, 2, 8, 8, 4, 1, 2, 3, 8, 4, 9, 8, 4, 9, 1, 1, 2, 8, 9]
sendAfter: [5, 4, 7, 2, 8, 4, 2, 7, 7, 6, 8, 9, 6, 8, 7, 1, 2, 6, 3, 9, 3, 9, 2, 8, 3, 3, 3, 8, 2, 2, 4, 7, 2, 8, 8, 4, 1, 2, 3, 8, 4, 9, 8, 4, 9, 1, 1, 2, 8, 9]
buffer: [4, 9, 1, 1, 4, 4, 5, 4, 4, 6, 9, 7, 1, 2, 9, 3, 2, 8, 8, 8, 2, 9, 2, 4, 6, 2, 5, 8, 2, 5, 9, 7, 7, 6, 1, 7, 5, 6, 2, 4, 8, 7, 7, 1, 8, 6, 8, 5, 7, 8]
receiveBefore: []
receiveAfter: [4, 9, 1, 1, 4, 4, 5, 4, 4, 6, 9, 7, 1, 2, 9, 3, 2, 8, 8, 8, 2, 9, 2, 4, 6, 2, 5, 8, 2, 5, 9, 7, 7, 6, 1, 7, 5, 6, 2, 4, 8, 7, 7, 1, 8, 6, 8, 5, 7, 8]
Change: В ожидании

*************************************Состояние передачи данных**************************************

create: В ожидании
sendBefore: [5, 4, 7, 2, 8, 4, 2, 7, 7, 6, 8, 9, 6, 8, 7, 1, 2, 6, 3, 9, 3, 9, 2, 8, 3, 3, 3, 8, 2, 2, 4, 7, 2, 8, 8, 4, 1, 2, 3, 8, 4, 9, 8, 4, 9, 1, 1, 2, 8, 9]
sendAfter: []
buffer: [5, 4, 7, 2, 8, 4, 2, 7, 7, 6, 8, 9, 6, 8, 7, 1, 2, 6, 3, 9, 3, 9, 2, 8, 3, 3, 3, 8, 2, 2, 4, 7, 2, 8, 8, 4, 1, 2, 3, 8, 4, 9, 8, 4, 9, 1, 1, 2, 8, 9]
receiveBefore: [4, 9, 1, 1, 4, 4, 5, 4, 4, 6, 9, 7, 1, 2, 9, 3, 2, 8, 8, 8, 2, 9, 2, 4, 6, 2, 5, 8, 2, 5, 9, 7, 7, 6, 1, 7, 5, 6, 2, 4, 8, 7, 7, 1, 8, 6, 8, 5, 7, 8]
receiveAfter: [4, 9, 1, 1, 4, 4, 5, 4, 4, 6, 9, 7, 1, 2, 9, 3, 2, 8, 8, 8, 2, 9, 2, 4, 6, 2, 5, 8, 2, 5, 9, 7, 7, 6, 1, 7, 5, 6, 2, 4, 8, 7, 7, 1, 8, 6, 8, 5, 7, 8, 5, 4, 7, 2, 8, 4, 2, 7, 7, 6, 8, 9, 6, 8, 7, 1, 2, 6, 3, 9, 3, 9, 2, 8, 3, 3, 3, 8, 2, 2, 4, 7, 2, 8, 8, 4, 1, 2, 3, 8, 4, 9, 8, 4, 9, 1, 1, 2, 8, 9]
Change: В ожидании


Итерация 8:

*********************************Состояние работы потоков с данными*********************************

create: [2, 7, 2, 1, 5, 7, 8, 6, 3, 9, 9, 5, 8, 8, 1, 7, 8, 9, 5, 4, 1, 3, 6, 4, 5, 2, 2, 7, 4, 4, 8, 5, 4, 6, 5, 5, 1, 3, 9, 3, 6, 3, 3, 6, 4, 3, 3, 7, 8, 8, 9, 7, 6, 7, 2, 7, 6, 5, 3, 8, 5, 1, 5, 6, 6, 4, 9, 9, 3, 6, 3, 6, 1, 3, 1, 3, 9, 1, 7, 1, 2, 3, 4, 4, 9, 5, 1, 7, 5, 1, 7, 8, 7, 2, 9, 4, 2, 4, 3, 2]
send: В ожидании
receive: В ожидании
Change: [14, 19, 11, 11, 14, 14, 15, 14, 14, 16, 19, 17, 11, 12, 19, 13, 12, 18, 18, 18, 12, 19, 12, 14, 16, 12, 15, 18, 12, 15, 19, 17, 17, 16, 11, 17, 15, 16, 12, 14, 18, 17, 17, 11, 18, 16, 18, 15, 17, 18, 15, 14, 17, 12, 18, 14, 12, 17, 17, 16, 18, 19, 16, 18, 17, 11, 12, 16, 13, 19, 13, 19, 12, 18, 13, 13, 13, 18, 12, 12, 14, 17, 12, 18, 18, 14, 11, 12, 13, 18, 14, 19, 18, 14, 19, 11, 11, 12, 18, 19]

*************************************Состояние передачи данных**************************************

create: В ожидании
sendBefore: [2, 7, 2, 1, 5, 7, 8, 6, 3, 9, 9, 5, 8, 8, 1, 7, 8, 9, 5, 4, 1, 3, 6, 4, 5, 2, 2, 7, 4, 4, 8, 5, 4, 6, 5, 5, 1, 3, 9, 3, 6, 3, 3, 6, 4, 3, 3, 7, 8, 8, 9, 7, 6, 7, 2, 7, 6, 5, 3, 8, 5, 1, 5, 6, 6, 4, 9, 9, 3, 6, 3, 6, 1, 3, 1, 3, 9, 1, 7, 1, 2, 3, 4, 4, 9, 5, 1, 7, 5, 1, 7, 8, 7, 2, 9, 4, 2, 4, 3, 2]
sendAfter: [9, 7, 6, 7, 2, 7, 6, 5, 3, 8, 5, 1, 5, 6, 6, 4, 9, 9, 3, 6, 3, 6, 1, 3, 1, 3, 9, 1, 7, 1, 2, 3, 4, 4, 9, 5, 1, 7, 5, 1, 7, 8, 7, 2, 9, 4, 2, 4, 3, 2]
buffer: [2, 7, 2, 1, 5, 7, 8, 6, 3, 9, 9, 5, 8, 8, 1, 7, 8, 9, 5, 4, 1, 3, 6, 4, 5, 2, 2, 7, 4, 4, 8, 5, 4, 6, 5, 5, 1, 3, 9, 3, 6, 3, 3, 6, 4, 3, 3, 7, 8, 8]
receiveBefore: []
receiveAfter: [2, 7, 2, 1, 5, 7, 8, 6, 3, 9, 9, 5, 8, 8, 1, 7, 8, 9, 5, 4, 1, 3, 6, 4, 5, 2, 2, 7, 4, 4, 8, 5, 4, 6, 5, 5, 1, 3, 9, 3, 6, 3, 3, 6, 4, 3, 3, 7, 8, 8]
Change: В ожидании

*************************************Состояние передачи данных**************************************

create: В ожидании
sendBefore: [9, 7, 6, 7, 2, 7, 6, 5, 3, 8, 5, 1, 5, 6, 6, 4, 9, 9, 3, 6, 3, 6, 1, 3, 1, 3, 9, 1, 7, 1, 2, 3, 4, 4, 9, 5, 1, 7, 5, 1, 7, 8, 7, 2, 9, 4, 2, 4, 3, 2]
sendAfter: []
buffer: [9, 7, 6, 7, 2, 7, 6, 5, 3, 8, 5, 1, 5, 6, 6, 4, 9, 9, 3, 6, 3, 6, 1, 3, 1, 3, 9, 1, 7, 1, 2, 3, 4, 4, 9, 5, 1, 7, 5, 1, 7, 8, 7, 2, 9, 4, 2, 4, 3, 2]
receiveBefore: [2, 7, 2, 1, 5, 7, 8, 6, 3, 9, 9, 5, 8, 8, 1, 7, 8, 9, 5, 4, 1, 3, 6, 4, 5, 2, 2, 7, 4, 4, 8, 5, 4, 6, 5, 5, 1, 3, 9, 3, 6, 3, 3, 6, 4, 3, 3, 7, 8, 8]
receiveAfter: [2, 7, 2, 1, 5, 7, 8, 6, 3, 9, 9, 5, 8, 8, 1, 7, 8, 9, 5, 4, 1, 3, 6, 4, 5, 2, 2, 7, 4, 4, 8, 5, 4, 6, 5, 5, 1, 3, 9, 3, 6, 3, 3, 6, 4, 3, 3, 7, 8, 8, 9, 7, 6, 7, 2, 7, 6, 5, 3, 8, 5, 1, 5, 6, 6, 4, 9, 9, 3, 6, 3, 6, 1, 3, 1, 3, 9, 1, 7, 1, 2, 3, 4, 4, 9, 5, 1, 7, 5, 1, 7, 8, 7, 2, 9, 4, 2, 4, 3, 2]
Change: В ожидании


Итерация 11:

*********************************Состояние работы потоков с данными*********************************

create: [4, 6, 2, 6, 2, 7, 9, 8, 5, 1, 2, 7, 4, 8, 3, 5, 1, 8, 3, 9, 1, 9, 8, 4, 3, 5, 9, 8, 7, 5, 4, 5, 1, 8, 8, 3, 3, 1, 2, 4, 6, 4, 2, 8, 9, 9, 4, 6, 8, 9, 1, 3, 5, 7, 9, 5, 1, 5, 7, 5, 8, 5, 8, 7, 3, 9, 9, 5, 9, 7, 1, 1, 1, 7, 7, 6, 3, 3, 2, 9, 6, 4, 9, 1, 3, 9, 5, 1, 1, 2, 1, 8, 8, 4, 7, 9, 5, 7, 7, 6]
send: В ожидании
receive: В ожидании
Change: [12, 17, 12, 11, 15, 17, 18, 16, 13, 19, 19, 15, 18, 18, 11, 17, 18, 19, 15, 14, 11, 13, 16, 14, 15, 12, 12, 17, 14, 14, 18, 15, 14, 16, 15, 15, 11, 13, 19, 13, 16, 13, 13, 16, 14, 13, 13, 17, 18, 18, 19, 17, 16, 17, 12, 17, 16, 15, 13, 18, 15, 11, 15, 16, 16, 14, 19, 19, 13, 16, 13, 16, 11, 13, 11, 13, 19, 11, 17, 11, 12, 13, 14, 14, 19, 15, 11, 17, 15, 11, 17, 18, 17, 12, 19, 14, 12, 14, 13, 12]

*************************************Состояние передачи данных**************************************

create: В ожидании
sendBefore: [4, 6, 2, 6, 2, 7, 9, 8, 5, 1, 2, 7, 4, 8, 3, 5, 1, 8, 3, 9, 1, 9, 8, 4, 3, 5, 9, 8, 7, 5, 4, 5, 1, 8, 8, 3, 3, 1, 2, 4, 6, 4, 2, 8, 9, 9, 4, 6, 8, 9, 1, 3, 5, 7, 9, 5, 1, 5, 7, 5, 8, 5, 8, 7, 3, 9, 9, 5, 9, 7, 1, 1, 1, 7, 7, 6, 3, 3, 2, 9, 6, 4, 9, 1, 3, 9, 5, 1, 1, 2, 1, 8, 8, 4, 7, 9, 5, 7, 7, 6]
sendAfter: [1, 3, 5, 7, 9, 5, 1, 5, 7, 5, 8, 5, 8, 7, 3, 9, 9, 5, 9, 7, 1, 1, 1, 7, 7, 6, 3, 3, 2, 9, 6, 4, 9, 1, 3, 9, 5, 1, 1, 2, 1, 8, 8, 4, 7, 9, 5, 7, 7, 6]
buffer: [4, 6, 2, 6, 2, 7, 9, 8, 5, 1, 2, 7, 4, 8, 3, 5, 1, 8, 3, 9, 1, 9, 8, 4, 3, 5, 9, 8, 7, 5, 4, 5, 1, 8, 8, 3, 3, 1, 2, 4, 6, 4, 2, 8, 9, 9, 4, 6, 8, 9]
receiveBefore: []
receiveAfter: [4, 6, 2, 6, 2, 7, 9, 8, 5, 1, 2, 7, 4, 8, 3, 5, 1, 8, 3, 9, 1, 9, 8, 4, 3, 5, 9, 8, 7, 5, 4, 5, 1, 8, 8, 3, 3, 1, 2, 4, 6, 4, 2, 8, 9, 9, 4, 6, 8, 9]
Change: В ожидании

*************************************Состояние передачи данных**************************************

create: В ожидании
sendBefore: [1, 3, 5, 7, 9, 5, 1, 5, 7, 5, 8, 5, 8, 7, 3, 9, 9, 5, 9, 7, 1, 1, 1, 7, 7, 6, 3, 3, 2, 9, 6, 4, 9, 1, 3, 9, 5, 1, 1, 2, 1, 8, 8, 4, 7, 9, 5, 7, 7, 6]
sendAfter: []
buffer: [1, 3, 5, 7, 9, 5, 1, 5, 7, 5, 8, 5, 8, 7, 3, 9, 9, 5, 9, 7, 1, 1, 1, 7, 7, 6, 3, 3, 2, 9, 6, 4, 9, 1, 3, 9, 5, 1, 1, 2, 1, 8, 8, 4, 7, 9, 5, 7, 7, 6]
receiveBefore: [4, 6, 2, 6, 2, 7, 9, 8, 5, 1, 2, 7, 4, 8, 3, 5, 1, 8, 3, 9, 1, 9, 8, 4, 3, 5, 9, 8, 7, 5, 4, 5, 1, 8, 8, 3, 3, 1, 2, 4, 6, 4, 2, 8, 9, 9, 4, 6, 8, 9]
receiveAfter: [4, 6, 2, 6, 2, 7, 9, 8, 5, 1, 2, 7, 4, 8, 3, 5, 1, 8, 3, 9, 1, 9, 8, 4, 3, 5, 9, 8, 7, 5, 4, 5, 1, 8, 8, 3, 3, 1, 2, 4, 6, 4, 2, 8, 9, 9, 4, 6, 8, 9, 1, 3, 5, 7, 9, 5, 1, 5, 7, 5, 8, 5, 8, 7, 3, 9, 9, 5, 9, 7, 1, 1, 1, 7, 7, 6, 3, 3, 2, 9, 6, 4, 9, 1, 3, 9, 5, 1, 1, 2, 1, 8, 8, 4, 7, 9, 5, 7, 7, 6]
Change: В ожидании


Итерация 14:

*********************************Состояние работы потоков с данными*********************************

create: [3, 6, 3, 7, 9, 1, 4, 7, 2, 5, 1, 9, 9, 6, 7, 1, 6, 2, 4, 7, 4, 9, 8, 2, 4, 6, 7, 7, 7, 4, 2, 2, 6, 2, 8, 8, 9, 4, 7, 2, 9, 6, 8, 9, 9, 5, 2, 9, 2, 4, 3, 4, 7, 4, 6, 3, 7, 5, 6, 5, 5, 9, 7, 2, 9, 5, 8, 7, 8, 3, 9, 8, 8, 5, 1, 1, 6, 7, 2, 7, 5, 3, 6, 7, 4, 5, 9, 3, 5, 1, 3, 8, 3, 3, 3, 2, 2, 7, 3, 3]
send: В ожидании
receive: В ожидании
Change: [14, 16, 12, 16, 12, 17, 19, 18, 15, 11, 12, 17, 14, 18, 13, 15, 11, 18, 13, 19, 11, 19, 18, 14, 13, 15, 19, 18, 17, 15, 14, 15, 11, 18, 18, 13, 13, 11, 12, 14, 16, 14, 12, 18, 19, 19, 14, 16, 18, 19, 11, 13, 15, 17, 19, 15, 11, 15, 17, 15, 18, 15, 18, 17, 13, 19, 19, 15, 19, 17, 11, 11, 11, 17, 17, 16, 13, 13, 12, 19, 16, 14, 19, 11, 13, 19, 15, 11, 11, 12, 11, 18, 18, 14, 17, 19, 15, 17, 17, 16]

*************************************Состояние передачи данных**************************************

create: В ожидании
sendBefore: [3, 6, 3, 7, 9, 1, 4, 7, 2, 5, 1, 9, 9, 6, 7, 1, 6, 2, 4, 7, 4, 9, 8, 2, 4, 6, 7, 7, 7, 4, 2, 2, 6, 2, 8, 8, 9, 4, 7, 2, 9, 6, 8, 9, 9, 5, 2, 9, 2, 4, 3, 4, 7, 4, 6, 3, 7, 5, 6, 5, 5, 9, 7, 2, 9, 5, 8, 7, 8, 3, 9, 8, 8, 5, 1, 1, 6, 7, 2, 7, 5, 3, 6, 7, 4, 5, 9, 3, 5, 1, 3, 8, 3, 3, 3, 2, 2, 7, 3, 3]
sendAfter: [3, 4, 7, 4, 6, 3, 7, 5, 6, 5, 5, 9, 7, 2, 9, 5, 8, 7, 8, 3, 9, 8, 8, 5, 1, 1, 6, 7, 2, 7, 5, 3, 6, 7, 4, 5, 9, 3, 5, 1, 3, 8, 3, 3, 3, 2, 2, 7, 3, 3]
buffer: [3, 6, 3, 7, 9, 1, 4, 7, 2, 5, 1, 9, 9, 6, 7, 1, 6, 2, 4, 7, 4, 9, 8, 2, 4, 6, 7, 7, 7, 4, 2, 2, 6, 2, 8, 8, 9, 4, 7, 2, 9, 6, 8, 9, 9, 5, 2, 9, 2, 4]
receiveBefore: []
receiveAfter: [3, 6, 3, 7, 9, 1, 4, 7, 2, 5, 1, 9, 9, 6, 7, 1, 6, 2, 4, 7, 4, 9, 8, 2, 4, 6, 7, 7, 7, 4, 2, 2, 6, 2, 8, 8, 9, 4, 7, 2, 9, 6, 8, 9, 9, 5, 2, 9, 2, 4]
Change: В ожидании

*************************************Состояние передачи данных**************************************

create: В ожидании
sendBefore: [3, 4, 7, 4, 6, 3, 7, 5, 6, 5, 5, 9, 7, 2, 9, 5, 8, 7, 8, 3, 9, 8, 8, 5, 1, 1, 6, 7, 2, 7, 5, 3, 6, 7, 4, 5, 9, 3, 5, 1, 3, 8, 3, 3, 3, 2, 2, 7, 3, 3]
sendAfter: []
buffer: [3, 4, 7, 4, 6, 3, 7, 5, 6, 5, 5, 9, 7, 2, 9, 5, 8, 7, 8, 3, 9, 8, 8, 5, 1, 1, 6, 7, 2, 7, 5, 3, 6, 7, 4, 5, 9, 3, 5, 1, 3, 8, 3, 3, 3, 2, 2, 7, 3, 3]
receiveBefore: [3, 6, 3, 7, 9, 1, 4, 7, 2, 5, 1, 9, 9, 6, 7, 1, 6, 2, 4, 7, 4, 9, 8, 2, 4, 6, 7, 7, 7, 4, 2, 2, 6, 2, 8, 8, 9, 4, 7, 2, 9, 6, 8, 9, 9, 5, 2, 9, 2, 4]
receiveAfter: [3, 6, 3, 7, 9, 1, 4, 7, 2, 5, 1, 9, 9, 6, 7, 1, 6, 2, 4, 7, 4, 9, 8, 2, 4, 6, 7, 7, 7, 4, 2, 2, 6, 2, 8, 8, 9, 4, 7, 2, 9, 6, 8, 9, 9, 5, 2, 9, 2, 4, 3, 4, 7, 4, 6, 3, 7, 5, 6, 5, 5, 9, 7, 2, 9, 5, 8, 7, 8, 3, 9, 8, 8, 5, 1, 1, 6, 7, 2, 7, 5, 3, 6, 7, 4, 5, 9, 3, 5, 1, 3, 8, 3, 3, 3, 2, 2, 7, 3, 3]
Change: В ожидании


Итерация 17:

*********************************Состояние работы потоков с данными*********************************

create: [8, 6, 9, 4, 9, 4, 3, 5, 8, 6, 6, 2, 2, 8, 6, 5, 7, 3, 4, 5, 4, 1, 6, 5, 5, 6, 4, 8, 6, 9, 4, 8, 8, 7, 1, 5, 3, 8, 8, 7, 1, 1, 6, 8, 2, 2, 2, 3, 1, 8, 3, 6, 5, 1, 9, 4, 6, 1, 3, 2, 9, 7, 8, 5, 7, 1, 5, 4, 4, 1, 1, 7, 7, 9, 6, 6, 1, 2, 4, 4, 5, 7, 3, 3, 4, 4, 7, 6, 7, 1, 4, 6, 7, 2, 6, 3, 2, 5, 3, 7]
send: В ожидании
receive: В ожидании
Change: [13, 16, 13, 17, 19, 11, 14, 17, 12, 15, 11, 19, 19, 16, 17, 11, 16, 12, 14, 17, 14, 19, 18, 12, 14, 16, 17, 17, 17, 14, 12, 12, 16, 12, 18, 18, 19, 14, 17, 12, 19, 16, 18, 19, 19, 15, 12, 19, 12, 14, 13, 14, 17, 14, 16, 13, 17, 15, 16, 15, 15, 19, 17, 12, 19, 15, 18, 17, 18, 13, 19, 18, 18, 15, 11, 11, 16, 17, 12, 17, 15, 13, 16, 17, 14, 15, 19, 13, 15, 11, 13, 18, 13, 13, 13, 12, 12, 17, 13, 13]

*************************************Состояние передачи данных**************************************

create: В ожидании
sendBefore: [8, 6, 9, 4, 9, 4, 3, 5, 8, 6, 6, 2, 2, 8, 6, 5, 7, 3, 4, 5, 4, 1, 6, 5, 5, 6, 4, 8, 6, 9, 4, 8, 8, 7, 1, 5, 3, 8, 8, 7, 1, 1, 6, 8, 2, 2, 2, 3, 1, 8, 3, 6, 5, 1, 9, 4, 6, 1, 3, 2, 9, 7, 8, 5, 7, 1, 5, 4, 4, 1, 1, 7, 7, 9, 6, 6, 1, 2, 4, 4, 5, 7, 3, 3, 4, 4, 7, 6, 7, 1, 4, 6, 7, 2, 6, 3, 2, 5, 3, 7]
sendAfter: [3, 6, 5, 1, 9, 4, 6, 1, 3, 2, 9, 7, 8, 5, 7, 1, 5, 4, 4, 1, 1, 7, 7, 9, 6, 6, 1, 2, 4, 4, 5, 7, 3, 3, 4, 4, 7, 6, 7, 1, 4, 6, 7, 2, 6, 3, 2, 5, 3, 7]
buffer: [8, 6, 9, 4, 9, 4, 3, 5, 8, 6, 6, 2, 2, 8, 6, 5, 7, 3, 4, 5, 4, 1, 6, 5, 5, 6, 4, 8, 6, 9, 4, 8, 8, 7, 1, 5, 3, 8, 8, 7, 1, 1, 6, 8, 2, 2, 2, 3, 1, 8]
receiveBefore: []
receiveAfter: [8, 6, 9, 4, 9, 4, 3, 5, 8, 6, 6, 2, 2, 8, 6, 5, 7, 3, 4, 5, 4, 1, 6, 5, 5, 6, 4, 8, 6, 9, 4, 8, 8, 7, 1, 5, 3, 8, 8, 7, 1, 1, 6, 8, 2, 2, 2, 3, 1, 8]
Change: В ожидании

*************************************Состояние передачи данных**************************************

create: В ожидании
sendBefore: [3, 6, 5, 1, 9, 4, 6, 1, 3, 2, 9, 7, 8, 5, 7, 1, 5, 4, 4, 1, 1, 7, 7, 9, 6, 6, 1, 2, 4, 4, 5, 7, 3, 3, 4, 4, 7, 6, 7, 1, 4, 6, 7, 2, 6, 3, 2, 5, 3, 7]
sendAfter: []
buffer: [3, 6, 5, 1, 9, 4, 6, 1, 3, 2, 9, 7, 8, 5, 7, 1, 5, 4, 4, 1, 1, 7, 7, 9, 6, 6, 1, 2, 4, 4, 5, 7, 3, 3, 4, 4, 7, 6, 7, 1, 4, 6, 7, 2, 6, 3, 2, 5, 3, 7]
receiveBefore: [8, 6, 9, 4, 9, 4, 3, 5, 8, 6, 6, 2, 2, 8, 6, 5, 7, 3, 4, 5, 4, 1, 6, 5, 5, 6, 4, 8, 6, 9, 4, 8, 8, 7, 1, 5, 3, 8, 8, 7, 1, 1, 6, 8, 2, 2, 2, 3, 1, 8]
receiveAfter: [8, 6, 9, 4, 9, 4, 3, 5, 8, 6, 6, 2, 2, 8, 6, 5, 7, 3, 4, 5, 4, 1, 6, 5, 5, 6, 4, 8, 6, 9, 4, 8, 8, 7, 1, 5, 3, 8, 8, 7, 1, 1, 6, 8, 2, 2, 2, 3, 1, 8, 3, 6, 5, 1, 9, 4, 6, 1, 3, 2, 9, 7, 8, 5, 7, 1, 5, 4, 4, 1, 1, 7, 7, 9, 6, 6, 1, 2, 4, 4, 5, 7, 3, 3, 4, 4, 7, 6, 7, 1, 4, 6, 7, 2, 6, 3, 2, 5, 3, 7]
Change: В ожидании


Итерация 20:

*********************************Состояние работы потоков с данными*********************************

create: [8, 5, 4, 9, 6, 1, 3, 6, 1, 3, 3, 2, 4, 1, 2, 9, 3, 1, 5, 4, 1, 5, 4, 7, 6, 1, 5, 2, 2, 3, 6, 3, 7, 5, 9, 9, 6, 5, 5, 1, 7, 2, 2, 4, 5, 2, 7, 8, 3, 5, 3, 2, 2, 7, 5, 1, 3, 4, 3, 9, 2, 1, 2, 3, 5, 1, 6, 8, 4, 7, 1, 5, 5, 7, 5, 8, 4, 4, 3, 6, 7, 6, 5, 6, 1, 2, 5, 6, 8, 5, 5, 4, 1, 2, 4, 8, 1, 3, 2, 6]
send: В ожидании
receive: В ожидании
Change: [18, 16, 19, 14, 19, 14, 13, 15, 18, 16, 16, 12, 12, 18, 16, 15, 17, 13, 14, 15, 14, 11, 16, 15, 15, 16, 14, 18, 16, 19, 14, 18, 18, 17, 11, 15, 13, 18, 18, 17, 11, 11, 16, 18, 12, 12, 12, 13, 11, 18, 13, 16, 15, 11, 19, 14, 16, 11, 13, 12, 19, 17, 18, 15, 17, 11, 15, 14, 14, 11, 11, 17, 17, 19, 16, 16, 11, 12, 14, 14, 15, 17, 13, 13, 14, 14, 17, 16, 17, 11, 14, 16, 17, 12, 16, 13, 12, 15, 13, 17]

*************************************Состояние передачи данных**************************************

create: В ожидании
sendBefore: [8, 5, 4, 9, 6, 1, 3, 6, 1, 3, 3, 2, 4, 1, 2, 9, 3, 1, 5, 4, 1, 5, 4, 7, 6, 1, 5, 2, 2, 3, 6, 3, 7, 5, 9, 9, 6, 5, 5, 1, 7, 2, 2, 4, 5, 2, 7, 8, 3, 5, 3, 2, 2, 7, 5, 1, 3, 4, 3, 9, 2, 1, 2, 3, 5, 1, 6, 8, 4, 7, 1, 5, 5, 7, 5, 8, 4, 4, 3, 6, 7, 6, 5, 6, 1, 2, 5, 6, 8, 5, 5, 4, 1, 2, 4, 8, 1, 3, 2, 6]
sendAfter: [3, 2, 2, 7, 5, 1, 3, 4, 3, 9, 2, 1, 2, 3, 5, 1, 6, 8, 4, 7, 1, 5, 5, 7, 5, 8, 4, 4, 3, 6, 7, 6, 5, 6, 1, 2, 5, 6, 8, 5, 5, 4, 1, 2, 4, 8, 1, 3, 2, 6]
buffer: [8, 5, 4, 9, 6, 1, 3, 6, 1, 3, 3, 2, 4, 1, 2, 9, 3, 1, 5, 4, 1, 5, 4, 7, 6, 1, 5, 2, 2, 3, 6, 3, 7, 5, 9, 9, 6, 5, 5, 1, 7, 2, 2, 4, 5, 2, 7, 8, 3, 5]
receiveBefore: []
receiveAfter: [8, 5, 4, 9, 6, 1, 3, 6, 1, 3, 3, 2, 4, 1, 2, 9, 3, 1, 5, 4, 1, 5, 4, 7, 6, 1, 5, 2, 2, 3, 6, 3, 7, 5, 9, 9, 6, 5, 5, 1, 7, 2, 2, 4, 5, 2, 7, 8, 3, 5]
Change: В ожидании

*************************************Состояние передачи данных**************************************

create: В ожидании
sendBefore: [3, 2, 2, 7, 5, 1, 3, 4, 3, 9, 2, 1, 2, 3, 5, 1, 6, 8, 4, 7, 1, 5, 5, 7, 5, 8, 4, 4, 3, 6, 7, 6, 5, 6, 1, 2, 5, 6, 8, 5, 5, 4, 1, 2, 4, 8, 1, 3, 2, 6]
sendAfter: []
buffer: [3, 2, 2, 7, 5, 1, 3, 4, 3, 9, 2, 1, 2, 3, 5, 1, 6, 8, 4, 7, 1, 5, 5, 7, 5, 8, 4, 4, 3, 6, 7, 6, 5, 6, 1, 2, 5, 6, 8, 5, 5, 4, 1, 2, 4, 8, 1, 3, 2, 6]
receiveBefore: [8, 5, 4, 9, 6, 1, 3, 6, 1, 3, 3, 2, 4, 1, 2, 9, 3, 1, 5, 4, 1, 5, 4, 7, 6, 1, 5, 2, 2, 3, 6, 3, 7, 5, 9, 9, 6, 5, 5, 1, 7, 2, 2, 4, 5, 2, 7, 8, 3, 5]
receiveAfter: [8, 5, 4, 9, 6, 1, 3, 6, 1, 3, 3, 2, 4, 1, 2, 9, 3, 1, 5, 4, 1, 5, 4, 7, 6, 1, 5, 2, 2, 3, 6, 3, 7, 5, 9, 9, 6, 5, 5, 1, 7, 2, 2, 4, 5, 2, 7, 8, 3, 5, 3, 2, 2, 7, 5, 1, 3, 4, 3, 9, 2, 1, 2, 3, 5, 1, 6, 8, 4, 7, 1, 5, 5, 7, 5, 8, 4, 4, 3, 6, 7, 6, 5, 6, 1, 2, 5, 6, 8, 5, 5, 4, 1, 2, 4, 8, 1, 3, 2, 6]
Change: В ожидании


Итерация 23:

*********************************Состояние работы потоков с данными*********************************

create: [1, 1, 1, 4, 7, 6, 8, 2, 1, 7, 8, 9, 7, 3, 3, 7, 8, 8, 3, 1, 4, 6, 8, 2, 6, 2, 3, 2, 8, 2, 5, 5, 6, 9, 3, 7, 1, 2, 7, 9, 8, 2, 9, 4, 1, 3, 6, 6, 1, 5, 4, 1, 5, 4, 9, 1, 7, 4, 4, 1, 9, 2, 5, 4, 5, 7, 3, 9, 3, 1, 4, 2, 7, 4, 4, 6, 8, 2, 4, 4, 9, 8, 7, 8, 4, 4, 7, 6, 5, 7, 4, 2, 1, 9, 6, 2, 1, 7, 3, 2]
send: В ожидании
receive: В ожидании
Change: [18, 15, 14, 19, 16, 11, 13, 16, 11, 13, 13, 12, 14, 11, 12, 19, 13, 11, 15, 14, 11, 15, 14, 17, 16, 11, 15, 12, 12, 13, 16, 13, 17, 15, 19, 19, 16, 15, 15, 11, 17, 12, 12, 14, 15, 12, 17, 18, 13, 15, 13, 12, 12, 17, 15, 11, 13, 14, 13, 19, 12, 11, 12, 13, 15, 11, 16, 18, 14, 17, 11, 15, 15, 17, 15, 18, 14, 14, 13, 16, 17, 16, 15, 16, 11, 12, 15, 16, 18, 15, 15, 14, 11, 12, 14, 18, 11, 13, 12, 16]

*************************************Состояние передачи данных**************************************

create: В ожидании
sendBefore: [1, 1, 1, 4, 7, 6, 8, 2, 1, 7, 8, 9, 7, 3, 3, 7, 8, 8, 3, 1, 4, 6, 8, 2, 6, 2, 3, 2, 8, 2, 5, 5, 6, 9, 3, 7, 1, 2, 7, 9, 8, 2, 9, 4, 1, 3, 6, 6, 1, 5, 4, 1, 5, 4, 9, 1, 7, 4, 4, 1, 9, 2, 5, 4, 5, 7, 3, 9, 3, 1, 4, 2, 7, 4, 4, 6, 8, 2, 4, 4, 9, 8, 7, 8, 4, 4, 7, 6, 5, 7, 4, 2, 1, 9, 6, 2, 1, 7, 3, 2]
sendAfter: [4, 1, 5, 4, 9, 1, 7, 4, 4, 1, 9, 2, 5, 4, 5, 7, 3, 9, 3, 1, 4, 2, 7, 4, 4, 6, 8, 2, 4, 4, 9, 8, 7, 8, 4, 4, 7, 6, 5, 7, 4, 2, 1, 9, 6, 2, 1, 7, 3, 2]
buffer: [1, 1, 1, 4, 7, 6, 8, 2, 1, 7, 8, 9, 7, 3, 3, 7, 8, 8, 3, 1, 4, 6, 8, 2, 6, 2, 3, 2, 8, 2, 5, 5, 6, 9, 3, 7, 1, 2, 7, 9, 8, 2, 9, 4, 1, 3, 6, 6, 1, 5]
receiveBefore: []
receiveAfter: [1, 1, 1, 4, 7, 6, 8, 2, 1, 7, 8, 9, 7, 3, 3, 7, 8, 8, 3, 1, 4, 6, 8, 2, 6, 2, 3, 2, 8, 2, 5, 5, 6, 9, 3, 7, 1, 2, 7, 9, 8, 2, 9, 4, 1, 3, 6, 6, 1, 5]
Change: В ожидании

*************************************Состояние передачи данных**************************************

create: В ожидании
sendBefore: [4, 1, 5, 4, 9, 1, 7, 4, 4, 1, 9, 2, 5, 4, 5, 7, 3, 9, 3, 1, 4, 2, 7, 4, 4, 6, 8, 2, 4, 4, 9, 8, 7, 8, 4, 4, 7, 6, 5, 7, 4, 2, 1, 9, 6, 2, 1, 7, 3, 2]
sendAfter: []
buffer: [4, 1, 5, 4, 9, 1, 7, 4, 4, 1, 9, 2, 5, 4, 5, 7, 3, 9, 3, 1, 4, 2, 7, 4, 4, 6, 8, 2, 4, 4, 9, 8, 7, 8, 4, 4, 7, 6, 5, 7, 4, 2, 1, 9, 6, 2, 1, 7, 3, 2]
receiveBefore: [1, 1, 1, 4, 7, 6, 8, 2, 1, 7, 8, 9, 7, 3, 3, 7, 8, 8, 3, 1, 4, 6, 8, 2, 6, 2, 3, 2, 8, 2, 5, 5, 6, 9, 3, 7, 1, 2, 7, 9, 8, 2, 9, 4, 1, 3, 6, 6, 1, 5]
receiveAfter: [1, 1, 1, 4, 7, 6, 8, 2, 1, 7, 8, 9, 7, 3, 3, 7, 8, 8, 3, 1, 4, 6, 8, 2, 6, 2, 3, 2, 8, 2, 5, 5, 6, 9, 3, 7, 1, 2, 7, 9, 8, 2, 9, 4, 1, 3, 6, 6, 1, 5, 4, 1, 5, 4, 9, 1, 7, 4, 4, 1, 9, 2, 5, 4, 5, 7, 3, 9, 3, 1, 4, 2, 7, 4, 4, 6, 8, 2, 4, 4, 9, 8, 7, 8, 4, 4, 7, 6, 5, 7, 4, 2, 1, 9, 6, 2, 1, 7, 3, 2]
Change: В ожидании


Итерация 26:

*********************************Состояние работы потоков с данными*********************************

create: [7, 5, 2, 8, 2, 4, 6, 9, 6, 5, 6, 6, 3, 1, 8, 2, 7, 7, 1, 7, 7, 9, 6, 8, 9, 9, 5, 9, 7, 7, 6, 2, 1, 7, 7, 4, 9, 8, 9, 6, 2, 9, 1, 4, 3, 4, 7, 7, 8, 6, 8, 6, 1, 2, 1, 2, 2, 9, 6, 8, 4, 5, 4, 3, 8, 9, 2, 5, 7, 2, 9, 3, 2, 8, 1, 8, 1, 9, 7, 6, 8, 5, 3, 7, 9, 3, 3, 5, 8, 5, 7, 5, 1, 2, 5, 1, 9, 8, 3, 6]
send: В ожидании
receive: В ожидании
Change: [11, 11, 11, 14, 17, 16, 18, 12, 11, 17, 18, 19, 17, 13, 13, 17, 18, 18, 13, 11, 14, 16, 18, 12, 16, 12, 13, 12, 18, 12, 15, 15, 16, 19, 13, 17, 11, 12, 17, 19, 18, 12, 19, 14, 11, 13, 16, 16, 11, 15, 14, 11, 15, 14, 19, 11, 17, 14, 14, 11, 19, 12, 15, 14, 15, 17, 13, 19, 13, 11, 14, 12, 17, 14, 14, 16, 18, 12, 14, 14, 19, 18, 17, 18, 14, 14, 17, 16, 15, 17, 14, 12, 11, 19, 16, 12, 11, 17, 13, 12]

*************************************Состояние передачи данных**************************************

create: В ожидании
sendBefore: [7, 5, 2, 8, 2, 4, 6, 9, 6, 5, 6, 6, 3, 1, 8, 2, 7, 7, 1, 7, 7, 9, 6, 8, 9, 9, 5, 9, 7, 7, 6, 2, 1, 7, 7, 4, 9, 8, 9, 6, 2, 9, 1, 4, 3, 4, 7, 7, 8, 6, 8, 6, 1, 2, 1, 2, 2, 9, 6, 8, 4, 5, 4, 3, 8, 9, 2, 5, 7, 2, 9, 3, 2, 8, 1, 8, 1, 9, 7, 6, 8, 5, 3, 7, 9, 3, 3, 5, 8, 5, 7, 5, 1, 2, 5, 1, 9, 8, 3, 6]
sendAfter: [8, 6, 1, 2, 1, 2, 2, 9, 6, 8, 4, 5, 4, 3, 8, 9, 2, 5, 7, 2, 9, 3, 2, 8, 1, 8, 1, 9, 7, 6, 8, 5, 3, 7, 9, 3, 3, 5, 8, 5, 7, 5, 1, 2, 5, 1, 9, 8, 3, 6]
buffer: [7, 5, 2, 8, 2, 4, 6, 9, 6, 5, 6, 6, 3, 1, 8, 2, 7, 7, 1, 7, 7, 9, 6, 8, 9, 9, 5, 9, 7, 7, 6, 2, 1, 7, 7, 4, 9, 8, 9, 6, 2, 9, 1, 4, 3, 4, 7, 7, 8, 6]
receiveBefore: []
receiveAfter: [7, 5, 2, 8, 2, 4, 6, 9, 6, 5, 6, 6, 3, 1, 8, 2, 7, 7, 1, 7, 7, 9, 6, 8, 9, 9, 5, 9, 7, 7, 6, 2, 1, 7, 7, 4, 9, 8, 9, 6, 2, 9, 1, 4, 3, 4, 7, 7, 8, 6]
Change: В ожидании

*************************************Состояние передачи данных**************************************

create: В ожидании
sendBefore: [8, 6, 1, 2, 1, 2, 2, 9, 6, 8, 4, 5, 4, 3, 8, 9, 2, 5, 7, 2, 9, 3, 2, 8, 1, 8, 1, 9, 7, 6, 8, 5, 3, 7, 9, 3, 3, 5, 8, 5, 7, 5, 1, 2, 5, 1, 9, 8, 3, 6]
sendAfter: []
buffer: [8, 6, 1, 2, 1, 2, 2, 9, 6, 8, 4, 5, 4, 3, 8, 9, 2, 5, 7, 2, 9, 3, 2, 8, 1, 8, 1, 9, 7, 6, 8, 5, 3, 7, 9, 3, 3, 5, 8, 5, 7, 5, 1, 2, 5, 1, 9, 8, 3, 6]
receiveBefore: [7, 5, 2, 8, 2, 4, 6, 9, 6, 5, 6, 6, 3, 1, 8, 2, 7, 7, 1, 7, 7, 9, 6, 8, 9, 9, 5, 9, 7, 7, 6, 2, 1, 7, 7, 4, 9, 8, 9, 6, 2, 9, 1, 4, 3, 4, 7, 7, 8, 6]
receiveAfter: [7, 5, 2, 8, 2, 4, 6, 9, 6, 5, 6, 6, 3, 1, 8, 2, 7, 7, 1, 7, 7, 9, 6, 8, 9, 9, 5, 9, 7, 7, 6, 2, 1, 7, 7, 4, 9, 8, 9, 6, 2, 9, 1, 4, 3, 4, 7, 7, 8, 6, 8, 6, 1, 2, 1, 2, 2, 9, 6, 8, 4, 5, 4, 3, 8, 9, 2, 5, 7, 2, 9, 3, 2, 8, 1, 8, 1, 9, 7, 6, 8, 5, 3, 7, 9, 3, 3, 5, 8, 5, 7, 5, 1, 2, 5, 1, 9, 8, 3, 6]
Change: В ожидании


Итерация 29:

*********************************Состояние работы потоков с данными*********************************

create: [2, 9, 7, 7, 7, 1, 1, 7, 3, 9, 4, 7, 2, 2, 8, 9, 3, 3, 8, 2, 9, 7, 4, 7, 8, 1, 6, 1, 8, 7, 3, 4, 5, 4, 8, 6, 1, 4, 7, 9, 4, 2, 6, 1, 9, 1, 2, 2, 6, 6, 9, 3, 3, 5, 9, 2, 1, 9, 3, 1, 3, 8, 2, 8, 6, 5, 5, 2, 4, 4, 6, 4, 7, 6, 6, 4, 9, 2, 7, 1, 9, 5, 4, 8, 5, 2, 9, 4, 8, 1, 9, 3, 6, 5, 3, 2, 3, 9, 4, 7]
send: В ожидании
receive: В ожидании
Change: [17, 15, 12, 18, 12, 14, 16, 19, 16, 15, 16, 16, 13, 11, 18, 12, 17, 17, 11, 17, 17, 19, 16, 18, 19, 19, 15, 19, 17, 17, 16, 12, 11, 17, 17, 14, 19, 18, 19, 16, 12, 19, 11, 14, 13, 14, 17, 17, 18, 16, 18, 16, 11, 12, 11, 12, 12, 19, 16, 18, 14, 15, 14, 13, 18, 19, 12, 15, 17, 12, 19, 13, 12, 18, 11, 18, 11, 19, 17, 16, 18, 15, 13, 17, 19, 13, 13, 15, 18, 15, 17, 15, 11, 12, 15, 11, 19, 18, 13, 16]

*************************************Состояние передачи данных**************************************

create: В ожидании
sendBefore: [2, 9, 7, 7, 7, 1, 1, 7, 3, 9, 4, 7, 2, 2, 8, 9, 3, 3, 8, 2, 9, 7, 4, 7, 8, 1, 6, 1, 8, 7, 3, 4, 5, 4, 8, 6, 1, 4, 7, 9, 4, 2, 6, 1, 9, 1, 2, 2, 6, 6, 9, 3, 3, 5, 9, 2, 1, 9, 3, 1, 3, 8, 2, 8, 6, 5, 5, 2, 4, 4, 6, 4, 7, 6, 6, 4, 9, 2, 7, 1, 9, 5, 4, 8, 5, 2, 9, 4, 8, 1, 9, 3, 6, 5, 3, 2, 3, 9, 4, 7]
sendAfter: [9, 3, 3, 5, 9, 2, 1, 9, 3, 1, 3, 8, 2, 8, 6, 5, 5, 2, 4, 4, 6, 4, 7, 6, 6, 4, 9, 2, 7, 1, 9, 5, 4, 8, 5, 2, 9, 4, 8, 1, 9, 3, 6, 5, 3, 2, 3, 9, 4, 7]
buffer: [2, 9, 7, 7, 7, 1, 1, 7, 3, 9, 4, 7, 2, 2, 8, 9, 3, 3, 8, 2, 9, 7, 4, 7, 8, 1, 6, 1, 8, 7, 3, 4, 5, 4, 8, 6, 1, 4, 7, 9, 4, 2, 6, 1, 9, 1, 2, 2, 6, 6]
receiveBefore: []
receiveAfter: [2, 9, 7, 7, 7, 1, 1, 7, 3, 9, 4, 7, 2, 2, 8, 9, 3, 3, 8, 2, 9, 7, 4, 7, 8, 1, 6, 1, 8, 7, 3, 4, 5, 4, 8, 6, 1, 4, 7, 9, 4, 2, 6, 1, 9, 1, 2, 2, 6, 6]
Change: В ожидании

*************************************Состояние передачи данных**************************************

create: В ожидании
sendBefore: [9, 3, 3, 5, 9, 2, 1, 9, 3, 1, 3, 8, 2, 8, 6, 5, 5, 2, 4, 4, 6, 4, 7, 6, 6, 4, 9, 2, 7, 1, 9, 5, 4, 8, 5, 2, 9, 4, 8, 1, 9, 3, 6, 5, 3, 2, 3, 9, 4, 7]
sendAfter: []
buffer: [9, 3, 3, 5, 9, 2, 1, 9, 3, 1, 3, 8, 2, 8, 6, 5, 5, 2, 4, 4, 6, 4, 7, 6, 6, 4, 9, 2, 7, 1, 9, 5, 4, 8, 5, 2, 9, 4, 8, 1, 9, 3, 6, 5, 3, 2, 3, 9, 4, 7]
receiveBefore: [2, 9, 7, 7, 7, 1, 1, 7, 3, 9, 4, 7, 2, 2, 8, 9, 3, 3, 8, 2, 9, 7, 4, 7, 8, 1, 6, 1, 8, 7, 3, 4, 5, 4, 8, 6, 1, 4, 7, 9, 4, 2, 6, 1, 9, 1, 2, 2, 6, 6]
receiveAfter: [2, 9, 7, 7, 7, 1, 1, 7, 3, 9, 4, 7, 2, 2, 8, 9, 3, 3, 8, 2, 9, 7, 4, 7, 8, 1, 6, 1, 8, 7, 3, 4, 5, 4, 8, 6, 1, 4, 7, 9, 4, 2, 6, 1, 9, 1, 2, 2, 6, 6, 9, 3, 3, 5, 9, 2, 1, 9, 3, 1, 3, 8, 2, 8, 6, 5, 5, 2, 4, 4, 6, 4, 7, 6, 6, 4, 9, 2, 7, 1, 9, 5, 4, 8, 5, 2, 9, 4, 8, 1, 9, 3, 6, 5, 3, 2, 3, 9, 4, 7]
Change: В ожидании


Итерация 32:

*********************************Состояние работы потоков с данными*********************************

create: [8, 7, 9, 4, 2, 6, 2, 6, 1, 5, 4, 3, 3, 4, 4, 3, 9, 7, 6, 6, 6, 5, 6, 6, 9, 5, 2, 7, 7, 1, 7, 6, 8, 2, 9, 9, 4, 1, 8, 9, 9, 5, 2, 3, 1, 3, 2, 1, 9, 2, 4, 7, 2, 9, 7, 8, 3, 9, 7, 1, 1, 6, 3, 3, 1, 9, 7, 5, 2, 3, 4, 7, 4, 4, 7, 4, 9, 5, 1, 9, 7, 7, 8, 4, 1, 8, 4, 6, 6, 9, 5, 9, 7, 3, 9, 6, 1, 3, 4, 2]
send: В ожидании
receive: В ожидании
Change: [12, 19, 17, 17, 17, 11, 11, 17, 13, 19, 14, 17, 12, 12, 18, 19, 13, 13, 18, 12, 19, 17, 14, 17, 18, 11, 16, 11, 18, 17, 13, 14, 15, 14, 18, 16, 11, 14, 17, 19, 14, 12, 16, 11, 19, 11, 12, 12, 16, 16, 19, 13, 13, 15, 19, 12, 11, 19, 13, 11, 13, 18, 12, 18, 16, 15, 15, 12, 14, 14, 16, 14, 17, 16, 16, 14, 19, 12, 17, 11, 19, 15, 14, 18, 15, 12, 19, 14, 18, 11, 19, 13, 16, 15, 13, 12, 13, 19, 14, 17]

*************************************Состояние передачи данных**************************************

create: В ожидании
sendBefore: [8, 7, 9, 4, 2, 6, 2, 6, 1, 5, 4, 3, 3, 4, 4, 3, 9, 7, 6, 6, 6, 5, 6, 6, 9, 5, 2, 7, 7, 1, 7, 6, 8, 2, 9, 9, 4, 1, 8, 9, 9, 5, 2, 3, 1, 3, 2, 1, 9, 2, 4, 7, 2, 9, 7, 8, 3, 9, 7, 1, 1, 6, 3, 3, 1, 9, 7, 5, 2, 3, 4, 7, 4, 4, 7, 4, 9, 5, 1, 9, 7, 7, 8, 4, 1, 8, 4, 6, 6, 9, 5, 9, 7, 3, 9, 6, 1, 3, 4, 2]
sendAfter: [4, 7, 2, 9, 7, 8, 3, 9, 7, 1, 1, 6, 3, 3, 1, 9, 7, 5, 2, 3, 4, 7, 4, 4, 7, 4, 9, 5, 1, 9, 7, 7, 8, 4, 1, 8, 4, 6, 6, 9, 5, 9, 7, 3, 9, 6, 1, 3, 4, 2]
buffer: [8, 7, 9, 4, 2, 6, 2, 6, 1, 5, 4, 3, 3, 4, 4, 3, 9, 7, 6, 6, 6, 5, 6, 6, 9, 5, 2, 7, 7, 1, 7, 6, 8, 2, 9, 9, 4, 1, 8, 9, 9, 5, 2, 3, 1, 3, 2, 1, 9, 2]
receiveBefore: []
receiveAfter: [8, 7, 9, 4, 2, 6, 2, 6, 1, 5, 4, 3, 3, 4, 4, 3, 9, 7, 6, 6, 6, 5, 6, 6, 9, 5, 2, 7, 7, 1, 7, 6, 8, 2, 9, 9, 4, 1, 8, 9, 9, 5, 2, 3, 1, 3, 2, 1, 9, 2]
Change: В ожидании

*************************************Состояние передачи данных**************************************

create: В ожидании
sendBefore: [4, 7, 2, 9, 7, 8, 3, 9, 7, 1, 1, 6, 3, 3, 1, 9, 7, 5, 2, 3, 4, 7, 4, 4, 7, 4, 9, 5, 1, 9, 7, 7, 8, 4, 1, 8, 4, 6, 6, 9, 5, 9, 7, 3, 9, 6, 1, 3, 4, 2]
sendAfter: []
buffer: [4, 7, 2, 9, 7, 8, 3, 9, 7, 1, 1, 6, 3, 3, 1, 9, 7, 5, 2, 3, 4, 7, 4, 4, 7, 4, 9, 5, 1, 9, 7, 7, 8, 4, 1, 8, 4, 6, 6, 9, 5, 9, 7, 3, 9, 6, 1, 3, 4, 2]
receiveBefore: [8, 7, 9, 4, 2, 6, 2, 6, 1, 5, 4, 3, 3, 4, 4, 3, 9, 7, 6, 6, 6, 5, 6, 6, 9, 5, 2, 7, 7, 1, 7, 6, 8, 2, 9, 9, 4, 1, 8, 9, 9, 5, 2, 3, 1, 3, 2, 1, 9, 2]
receiveAfter: [8, 7, 9, 4, 2, 6, 2, 6, 1, 5, 4, 3, 3, 4, 4, 3, 9, 7, 6, 6, 6, 5, 6, 6, 9, 5, 2, 7, 7, 1, 7, 6, 8, 2, 9, 9, 4, 1, 8, 9, 9, 5, 2, 3, 1, 3, 2, 1, 9, 2, 4, 7, 2, 9, 7, 8, 3, 9, 7, 1, 1, 6, 3, 3, 1, 9, 7, 5, 2, 3, 4, 7, 4, 4, 7, 4, 9, 5, 1, 9, 7, 7, 8, 4, 1, 8, 4, 6, 6, 9, 5, 9, 7, 3, 9, 6, 1, 3, 4, 2]
Change: В ожидании


Итерация 35:

*********************************Состояние работы потоков с данными*********************************

create: [2, 1, 7, 6, 6, 5, 6, 5, 6, 2, 2, 5, 3, 7, 2, 9, 8, 2, 7, 3, 2, 4, 5, 5, 9, 5, 7, 6, 2, 5, 2, 8, 7, 9, 7, 9, 8, 4, 7, 8, 9, 9, 1, 8, 8, 7, 8, 1, 5, 8, 2, 4, 1, 1, 3, 5, 6, 3, 6, 4, 1, 9, 3, 3, 8, 3, 8, 6, 5, 6, 1, 9, 8, 3, 9, 9, 1, 3, 1, 5, 7, 4, 3, 3, 7, 1, 2, 5, 7, 1, 7, 7, 8, 4, 1, 7, 1, 9, 6, 6]
send: В ожидании
receive: В ожидании
Change: [18, 17, 19, 14, 12, 16, 12, 16, 11, 15, 14, 13, 13, 14, 14, 13, 19, 17, 16, 16, 16, 15, 16, 16, 19, 15, 12, 17, 17, 11, 17, 16, 18, 12, 19, 19, 14, 11, 18, 19, 19, 15, 12, 13, 11, 13, 12, 11, 19, 12, 14, 17, 12, 19, 17, 18, 13, 19, 17, 11, 11, 16, 13, 13, 11, 19, 17, 15, 12, 13, 14, 17, 14, 14, 17, 14, 19, 15, 11, 19, 17, 17, 18, 14, 11, 18, 14, 16, 16, 19, 15, 19, 17, 13, 19, 16, 11, 13, 14, 12]

*************************************Состояние передачи данных**************************************

create: В ожидании
sendBefore: [2, 1, 7, 6, 6, 5, 6, 5, 6, 2, 2, 5, 3, 7, 2, 9, 8, 2, 7, 3, 2, 4, 5, 5, 9, 5, 7, 6, 2, 5, 2, 8, 7, 9, 7, 9, 8, 4, 7, 8, 9, 9, 1, 8, 8, 7, 8, 1, 5, 8, 2, 4, 1, 1, 3, 5, 6, 3, 6, 4, 1, 9, 3, 3, 8, 3, 8, 6, 5, 6, 1, 9, 8, 3, 9, 9, 1, 3, 1, 5, 7, 4, 3, 3, 7, 1, 2, 5, 7, 1, 7, 7, 8, 4, 1, 7, 1, 9, 6, 6]
sendAfter: [2, 4, 1, 1, 3, 5, 6, 3, 6, 4, 1, 9, 3, 3, 8, 3, 8, 6, 5, 6, 1, 9, 8, 3, 9, 9, 1, 3, 1, 5, 7, 4, 3, 3, 7, 1, 2, 5, 7, 1, 7, 7, 8, 4, 1, 7, 1, 9, 6, 6]
buffer: [2, 1, 7, 6, 6, 5, 6, 5, 6, 2, 2, 5, 3, 7, 2, 9, 8, 2, 7, 3, 2, 4, 5, 5, 9, 5, 7, 6, 2, 5, 2, 8, 7, 9, 7, 9, 8, 4, 7, 8, 9, 9, 1, 8, 8, 7, 8, 1, 5, 8]
receiveBefore: []
receiveAfter: [2, 1, 7, 6, 6, 5, 6, 5, 6, 2, 2, 5, 3, 7, 2, 9, 8, 2, 7, 3, 2, 4, 5, 5, 9, 5, 7, 6, 2, 5, 2, 8, 7, 9, 7, 9, 8, 4, 7, 8, 9, 9, 1, 8, 8, 7, 8, 1, 5, 8]
Change: В ожидании

*************************************Состояние передачи данных**************************************

create: В ожидании
sendBefore: [2, 4, 1, 1, 3, 5, 6, 3, 6, 4, 1, 9, 3, 3, 8, 3, 8, 6, 5, 6, 1, 9, 8, 3, 9, 9, 1, 3, 1, 5, 7, 4, 3, 3, 7, 1, 2, 5, 7, 1, 7, 7, 8, 4, 1, 7, 1, 9, 6, 6]
sendAfter: []
buffer: [2, 4, 1, 1, 3, 5, 6, 3, 6, 4, 1, 9, 3, 3, 8, 3, 8, 6, 5, 6, 1, 9, 8, 3, 9, 9, 1, 3, 1, 5, 7, 4, 3, 3, 7, 1, 2, 5, 7, 1, 7, 7, 8, 4, 1, 7, 1, 9, 6, 6]
receiveBefore: [2, 1, 7, 6, 6, 5, 6, 5, 6, 2, 2, 5, 3, 7, 2, 9, 8, 2, 7, 3, 2, 4, 5, 5, 9, 5, 7, 6, 2, 5, 2, 8, 7, 9, 7, 9, 8, 4, 7, 8, 9, 9, 1, 8, 8, 7, 8, 1, 5, 8]
receiveAfter: [2, 1, 7, 6, 6, 5, 6, 5, 6, 2, 2, 5, 3, 7, 2, 9, 8, 2, 7, 3, 2, 4, 5, 5, 9, 5, 7, 6, 2, 5, 2, 8, 7, 9, 7, 9, 8, 4, 7, 8, 9, 9, 1, 8, 8, 7, 8, 1, 5, 8, 2, 4, 1, 1, 3, 5, 6, 3, 6, 4, 1, 9, 3, 3, 8, 3, 8, 6, 5, 6, 1, 9, 8, 3, 9, 9, 1, 3, 1, 5, 7, 4, 3, 3, 7, 1, 2, 5, 7, 1, 7, 7, 8, 4, 1, 7, 1, 9, 6, 6]
Change: В ожидании


Итерация 38:

*********************************Состояние работы потоков с данными*********************************

create: [2, 1, 2, 1, 7, 7, 2, 7, 2, 8, 5, 5, 7, 5, 7, 1, 3, 4, 1, 3, 3, 5, 5, 3, 7, 6, 1, 1, 8, 7, 8, 9, 4, 3, 2, 1, 5, 7, 1, 9, 9, 8, 3, 7, 4, 3, 6, 1, 9, 7, 6, 5, 4, 4, 1, 6, 7, 9, 3, 4, 2, 7, 4, 4, 9, 8, 4, 2, 5, 6, 6, 9, 5, 8, 1, 2, 1, 6, 5, 3, 1, 6, 1, 8, 5, 2, 3, 8, 5, 8, 8, 3, 5, 7, 1, 4, 4, 8, 9, 2]
send: В ожидании
receive: В ожидании
Change: [12, 11, 17, 16, 16, 15, 16, 15, 16, 12, 12, 15, 13, 17, 12, 19, 18, 12, 17, 13, 12, 14, 15, 15, 19, 15, 17, 16, 12, 15, 12, 18, 17, 19, 17, 19, 18, 14, 17, 18, 19, 19, 11, 18, 18, 17, 18, 11, 15, 18, 12, 14, 11, 11, 13, 15, 16, 13, 16, 14, 11, 19, 13, 13, 18, 13, 18, 16, 15, 16, 11, 19, 18, 13, 19, 19, 11, 13, 11, 15, 17, 14, 13, 13, 17, 11, 12, 15, 17, 11, 17, 17, 18, 14, 11, 17, 11, 19, 16, 16]

*************************************Состояние передачи данных**************************************

create: В ожидании
sendBefore: [2, 1, 2, 1, 7, 7, 2, 7, 2, 8, 5, 5, 7, 5, 7, 1, 3, 4, 1, 3, 3, 5, 5, 3, 7, 6, 1, 1, 8, 7, 8, 9, 4, 3, 2, 1, 5, 7, 1, 9, 9, 8, 3, 7, 4, 3, 6, 1, 9, 7, 6, 5, 4, 4, 1, 6, 7, 9, 3, 4, 2, 7, 4, 4, 9, 8, 4, 2, 5, 6, 6, 9, 5, 8, 1, 2, 1, 6, 5, 3, 1, 6, 1, 8, 5, 2, 3, 8, 5, 8, 8, 3, 5, 7, 1, 4, 4, 8, 9, 2]
sendAfter: [6, 5, 4, 4, 1, 6, 7, 9, 3, 4, 2, 7, 4, 4, 9, 8, 4, 2, 5, 6, 6, 9, 5, 8, 1, 2, 1, 6, 5, 3, 1, 6, 1, 8, 5, 2, 3, 8, 5, 8, 8, 3, 5, 7, 1, 4, 4, 8, 9, 2]
buffer: [2, 1, 2, 1, 7, 7, 2, 7, 2, 8, 5, 5, 7, 5, 7, 1, 3, 4, 1, 3, 3, 5, 5, 3, 7, 6, 1, 1, 8, 7, 8, 9, 4, 3, 2, 1, 5, 7, 1, 9, 9, 8, 3, 7, 4, 3, 6, 1, 9, 7]
receiveBefore: []
receiveAfter: [2, 1, 2, 1, 7, 7, 2, 7, 2, 8, 5, 5, 7, 5, 7, 1, 3, 4, 1, 3, 3, 5, 5, 3, 7, 6, 1, 1, 8, 7, 8, 9, 4, 3, 2, 1, 5, 7, 1, 9, 9, 8, 3, 7, 4, 3, 6, 1, 9, 7]
Change: В ожидании

*************************************Состояние передачи данных**************************************

create: В ожидании
sendBefore: [6, 5, 4, 4, 1, 6, 7, 9, 3, 4, 2, 7, 4, 4, 9, 8, 4, 2, 5, 6, 6, 9, 5, 8, 1, 2, 1, 6, 5, 3, 1, 6, 1, 8, 5, 2, 3, 8, 5, 8, 8, 3, 5, 7, 1, 4, 4, 8, 9, 2]
sendAfter: []
buffer: [6, 5, 4, 4, 1, 6, 7, 9, 3, 4, 2, 7, 4, 4, 9, 8, 4, 2, 5, 6, 6, 9, 5, 8, 1, 2, 1, 6, 5, 3, 1, 6, 1, 8, 5, 2, 3, 8, 5, 8, 8, 3, 5, 7, 1, 4, 4, 8, 9, 2]
receiveBefore: [2, 1, 2, 1, 7, 7, 2, 7, 2, 8, 5, 5, 7, 5, 7, 1, 3, 4, 1, 3, 3, 5, 5, 3, 7, 6, 1, 1, 8, 7, 8, 9, 4, 3, 2, 1, 5, 7, 1, 9, 9, 8, 3, 7, 4, 3, 6, 1, 9, 7]
receiveAfter: [2, 1, 2, 1, 7, 7, 2, 7, 2, 8, 5, 5, 7, 5, 7, 1, 3, 4, 1, 3, 3, 5, 5, 3, 7, 6, 1, 1, 8, 7, 8, 9, 4, 3, 2, 1, 5, 7, 1, 9, 9, 8, 3, 7, 4, 3, 6, 1, 9, 7, 6, 5, 4, 4, 1, 6, 7, 9, 3, 4, 2, 7, 4, 4, 9, 8, 4, 2, 5, 6, 6, 9, 5, 8, 1, 2, 1, 6, 5, 3, 1, 6, 1, 8, 5, 2, 3, 8, 5, 8, 8, 3, 5, 7, 1, 4, 4, 8, 9, 2]
Change: В ожидании


Итерация 41:

*********************************Состояние работы потоков с данными*********************************

create: [3, 4, 1, 6, 8, 5, 1, 1, 2, 6, 9, 4, 4, 6, 1, 7, 2, 9, 7, 4, 7, 5, 5, 3, 4, 8, 8, 8, 9, 1, 8, 8, 3, 2, 3, 2, 6, 3, 6, 6, 4, 1, 9, 7, 8, 3, 3, 3, 8, 1, 8, 3, 8, 6, 3, 8, 9, 7, 9, 6, 4, 6, 4, 6, 6, 1, 8, 5, 7, 7, 3, 2, 1, 1, 9, 4, 9, 7, 4, 7, 8, 9, 7, 7, 1, 4, 2, 9, 1, 3, 9, 4, 4, 2, 1, 9, 2, 3, 4, 5]
send: В ожидании
receive: В ожидании
Change: [12, 11, 12, 11, 17, 17, 12, 17, 12, 18, 15, 15, 17, 15, 17, 11, 13, 14, 11, 13, 13, 15, 15, 13, 17, 16, 11, 11, 18, 17, 18, 19, 14, 13, 12, 11, 15, 17, 11, 19, 19, 18, 13, 17, 14, 13, 16, 11, 19, 17, 16, 15, 14, 14, 11, 16, 17, 19, 13, 14, 12, 17, 14, 14, 19, 18, 14, 12, 15, 16, 16, 19, 15, 18, 11, 12, 11, 16, 15, 13, 11, 16, 11, 18, 15, 12, 13, 18, 15, 18, 18, 13, 15, 17, 11, 14, 14, 18, 19, 12]

*************************************Состояние передачи данных**************************************

create: В ожидании
sendBefore: [3, 4, 1, 6, 8, 5, 1, 1, 2, 6, 9, 4, 4, 6, 1, 7, 2, 9, 7, 4, 7, 5, 5, 3, 4, 8, 8, 8, 9, 1, 8, 8, 3, 2, 3, 2, 6, 3, 6, 6, 4, 1, 9, 7, 8, 3, 3, 3, 8, 1, 8, 3, 8, 6, 3, 8, 9, 7, 9, 6, 4, 6, 4, 6, 6, 1, 8, 5, 7, 7, 3, 2, 1, 1, 9, 4, 9, 7, 4, 7, 8, 9, 7, 7, 1, 4, 2, 9, 1, 3, 9, 4, 4, 2, 1, 9, 2, 3, 4, 5]
sendAfter: [8, 3, 8, 6, 3, 8, 9, 7, 9, 6, 4, 6, 4, 6, 6, 1, 8, 5, 7, 7, 3, 2, 1, 1, 9, 4, 9, 7, 4, 7, 8, 9, 7, 7, 1, 4, 2, 9, 1, 3, 9, 4, 4, 2, 1, 9, 2, 3, 4, 5]
buffer: [3, 4, 1, 6, 8, 5, 1, 1, 2, 6, 9, 4, 4, 6, 1, 7, 2, 9, 7, 4, 7, 5, 5, 3, 4, 8, 8, 8, 9, 1, 8, 8, 3, 2, 3, 2, 6, 3, 6, 6, 4, 1, 9, 7, 8, 3, 3, 3, 8, 1]
receiveBefore: []
receiveAfter: [3, 4, 1, 6, 8, 5, 1, 1, 2, 6, 9, 4, 4, 6, 1, 7, 2, 9, 7, 4, 7, 5, 5, 3, 4, 8, 8, 8, 9, 1, 8, 8, 3, 2, 3, 2, 6, 3, 6, 6, 4, 1, 9, 7, 8, 3, 3, 3, 8, 1]
Change: В ожидании

*************************************Состояние передачи данных**************************************

create: В ожидании
sendBefore: [8, 3, 8, 6, 3, 8, 9, 7, 9, 6, 4, 6, 4, 6, 6, 1, 8, 5, 7, 7, 3, 2, 1, 1, 9, 4, 9, 7, 4, 7, 8, 9, 7, 7, 1, 4, 2, 9, 1, 3, 9, 4, 4, 2, 1, 9, 2, 3, 4, 5]
sendAfter: []
buffer: [8, 3, 8, 6, 3, 8, 9, 7, 9, 6, 4, 6, 4, 6, 6, 1, 8, 5, 7, 7, 3, 2, 1, 1, 9, 4, 9, 7, 4, 7, 8, 9, 7, 7, 1, 4, 2, 9, 1, 3, 9, 4, 4, 2, 1, 9, 2, 3, 4, 5]
receiveBefore: [3, 4, 1, 6, 8, 5, 1, 1, 2, 6, 9, 4, 4, 6, 1, 7, 2, 9, 7, 4, 7, 5, 5, 3, 4, 8, 8, 8, 9, 1, 8, 8, 3, 2, 3, 2, 6, 3, 6, 6, 4, 1, 9, 7, 8, 3, 3, 3, 8, 1]
receiveAfter: [3, 4, 1, 6, 8, 5, 1, 1, 2, 6, 9, 4, 4, 6, 1, 7, 2, 9, 7, 4, 7, 5, 5, 3, 4, 8, 8, 8, 9, 1, 8, 8, 3, 2, 3, 2, 6, 3, 6, 6, 4, 1, 9, 7, 8, 3, 3, 3, 8, 1, 8, 3, 8, 6, 3, 8, 9, 7, 9, 6, 4, 6, 4, 6, 6, 1, 8, 5, 7, 7, 3, 2, 1, 1, 9, 4, 9, 7, 4, 7, 8, 9, 7, 7, 1, 4, 2, 9, 1, 3, 9, 4, 4, 2, 1, 9, 2, 3, 4, 5]
Change: В ожидании


Итерация 44:

*********************************Состояние работы потоков с данными*********************************

create: [5, 9, 2, 1, 3, 6, 4, 2, 7, 9, 4, 6, 9, 3, 7, 4, 8, 1, 6, 8, 8, 9, 2, 4, 1, 2, 7, 5, 2, 3, 2, 6, 7, 8, 6, 3, 4, 6, 4, 1, 9, 8, 7, 3, 6, 6, 6, 3, 4, 4, 9, 7, 7, 3, 3, 8, 5, 4, 2, 6, 6, 4, 4, 8, 2, 4, 3, 8, 9, 5, 6, 6, 8, 8, 6, 7, 9, 4, 3, 9, 6, 7, 7, 3, 1, 7, 9, 6, 8, 2, 6, 7, 7, 3, 4, 4, 2, 9, 9, 1]
send: В ожидании
receive: В ожидании
Change: [13, 14, 11, 16, 18, 15, 11, 11, 12, 16, 19, 14, 14, 16, 11, 17, 12, 19, 17, 14, 17, 15, 15, 13, 14, 18, 18, 18, 19, 11, 18, 18, 13, 12, 13, 12, 16, 13, 16, 16, 14, 11, 19, 17, 18, 13, 13, 13, 18, 11, 18, 13, 18, 16, 13, 18, 19, 17, 19, 16, 14, 16, 14, 16, 16, 11, 18, 15, 17, 17, 13, 12, 11, 11, 19, 14, 19, 17, 14, 17, 18, 19, 17, 17, 11, 14, 12, 19, 11, 13, 19, 14, 14, 12, 11, 19, 12, 13, 14, 15]

*************************************Состояние передачи данных**************************************

create: В ожидании
sendBefore: [5, 9, 2, 1, 3, 6, 4, 2, 7, 9, 4, 6, 9, 3, 7, 4, 8, 1, 6, 8, 8, 9, 2, 4, 1, 2, 7, 5, 2, 3, 2, 6, 7, 8, 6, 3, 4, 6, 4, 1, 9, 8, 7, 3, 6, 6, 6, 3, 4, 4, 9, 7, 7, 3, 3, 8, 5, 4, 2, 6, 6, 4, 4, 8, 2, 4, 3, 8, 9, 5, 6, 6, 8, 8, 6, 7, 9, 4, 3, 9, 6, 7, 7, 3, 1, 7, 9, 6, 8, 2, 6, 7, 7, 3, 4, 4, 2, 9, 9, 1]
sendAfter: [9, 7, 7, 3, 3, 8, 5, 4, 2, 6, 6, 4, 4, 8, 2, 4, 3, 8, 9, 5, 6, 6, 8, 8, 6, 7, 9, 4, 3, 9, 6, 7, 7, 3, 1, 7, 9, 6, 8, 2, 6, 7, 7, 3, 4, 4, 2, 9, 9, 1]
buffer: [5, 9, 2, 1, 3, 6, 4, 2, 7, 9, 4, 6, 9, 3, 7, 4, 8, 1, 6, 8, 8, 9, 2, 4, 1, 2, 7, 5, 2, 3, 2, 6, 7, 8, 6, 3, 4, 6, 4, 1, 9, 8, 7, 3, 6, 6, 6, 3, 4, 4]
receiveBefore: []
receiveAfter: [5, 9, 2, 1, 3, 6, 4, 2, 7, 9, 4, 6, 9, 3, 7, 4, 8, 1, 6, 8, 8, 9, 2, 4, 1, 2, 7, 5, 2, 3, 2, 6, 7, 8, 6, 3, 4, 6, 4, 1, 9, 8, 7, 3, 6, 6, 6, 3, 4, 4]
Change: В ожидании

*************************************Состояние передачи данных**************************************

create: В ожидании
sendBefore: [9, 7, 7, 3, 3, 8, 5, 4, 2, 6, 6, 4, 4, 8, 2, 4, 3, 8, 9, 5, 6, 6, 8, 8, 6, 7, 9, 4, 3, 9, 6, 7, 7, 3, 1, 7, 9, 6, 8, 2, 6, 7, 7, 3, 4, 4, 2, 9, 9, 1]
sendAfter: []
buffer: [9, 7, 7, 3, 3, 8, 5, 4, 2, 6, 6, 4, 4, 8, 2, 4, 3, 8, 9, 5, 6, 6, 8, 8, 6, 7, 9, 4, 3, 9, 6, 7, 7, 3, 1, 7, 9, 6, 8, 2, 6, 7, 7, 3, 4, 4, 2, 9, 9, 1]
receiveBefore: [5, 9, 2, 1, 3, 6, 4, 2, 7, 9, 4, 6, 9, 3, 7, 4, 8, 1, 6, 8, 8, 9, 2, 4, 1, 2, 7, 5, 2, 3, 2, 6, 7, 8, 6, 3, 4, 6, 4, 1, 9, 8, 7, 3, 6, 6, 6, 3, 4, 4]
receiveAfter: [5, 9, 2, 1, 3, 6, 4, 2, 7, 9, 4, 6, 9, 3, 7, 4, 8, 1, 6, 8, 8, 9, 2, 4, 1, 2, 7, 5, 2, 3, 2, 6, 7, 8, 6, 3, 4, 6, 4, 1, 9, 8, 7, 3, 6, 6, 6, 3, 4, 4, 9, 7, 7, 3, 3, 8, 5, 4, 2, 6, 6, 4, 4, 8, 2, 4, 3, 8, 9, 5, 6, 6, 8, 8, 6, 7, 9, 4, 3, 9, 6, 7, 7, 3, 1, 7, 9, 6, 8, 2, 6, 7, 7, 3, 4, 4, 2, 9, 9, 1]
Change: В ожидании


Итерация 47:

*********************************Состояние работы потоков с данными*********************************

create: [2, 1, 8, 6, 7, 8, 5, 8, 7, 2, 4, 1, 8, 6, 9, 9, 5, 2, 3, 4, 4, 9, 7, 2, 1, 4, 9, 9, 4, 6, 2, 2, 7, 2, 9, 5, 8, 3, 5, 1, 2, 4, 5, 4, 8, 3, 5, 4, 3, 2, 1, 4, 5, 5, 8, 4, 7, 8, 8, 5, 2, 9, 6, 9, 7, 3, 7, 2, 7, 9, 4, 8, 7, 6, 7, 8, 1, 4, 4, 6, 9, 4, 2, 9, 6, 4, 8, 1, 5, 7, 5, 9, 5, 2, 8, 7, 5, 7, 5, 4]
send: В ожидании
receive: В ожидании
Change: [15, 19, 12, 11, 13, 16, 14, 12, 17, 19, 14, 16, 19, 13, 17, 14, 18, 11, 16, 18, 18, 19, 12, 14, 11, 12, 17, 15, 12, 13, 12, 16, 17, 18, 16, 13, 14, 16, 14, 11, 19, 18, 17, 13, 16, 16, 16, 13, 14, 14, 19, 17, 17, 13, 13, 18, 15, 14, 12, 16, 16, 14, 14, 18, 12, 14, 13, 18, 19, 15, 16, 16, 18, 18, 16, 17, 19, 14, 13, 19, 16, 17, 17, 13, 11, 17, 19, 16, 18, 12, 16, 17, 17, 13, 14, 14, 12, 19, 19, 11]

*************************************Состояние передачи данных**************************************

create: В ожидании
sendBefore: [2, 1, 8, 6, 7, 8, 5, 8, 7, 2, 4, 1, 8, 6, 9, 9, 5, 2, 3, 4, 4, 9, 7, 2, 1, 4, 9, 9, 4, 6, 2, 2, 7, 2, 9, 5, 8, 3, 5, 1, 2, 4, 5, 4, 8, 3, 5, 4, 3, 2, 1, 4, 5, 5, 8, 4, 7, 8, 8, 5, 2, 9, 6, 9, 7, 3, 7, 2, 7, 9, 4, 8, 7, 6, 7, 8, 1, 4, 4, 6, 9, 4, 2, 9, 6, 4, 8, 1, 5, 7, 5, 9, 5, 2, 8, 7, 5, 7, 5, 4]
sendAfter: [1, 4, 5, 5, 8, 4, 7, 8, 8, 5, 2, 9, 6, 9, 7, 3, 7, 2, 7, 9, 4, 8, 7, 6, 7, 8, 1, 4, 4, 6, 9, 4, 2, 9, 6, 4, 8, 1, 5, 7, 5, 9, 5, 2, 8, 7, 5, 7, 5, 4]
buffer: [2, 1, 8, 6, 7, 8, 5, 8, 7, 2, 4, 1, 8, 6, 9, 9, 5, 2, 3, 4, 4, 9, 7, 2, 1, 4, 9, 9, 4, 6, 2, 2, 7, 2, 9, 5, 8, 3, 5, 1, 2, 4, 5, 4, 8, 3, 5, 4, 3, 2]
receiveBefore: []
receiveAfter: [2, 1, 8, 6, 7, 8, 5, 8, 7, 2, 4, 1, 8, 6, 9, 9, 5, 2, 3, 4, 4, 9, 7, 2, 1, 4, 9, 9, 4, 6, 2, 2, 7, 2, 9, 5, 8, 3, 5, 1, 2, 4, 5, 4, 8, 3, 5, 4, 3, 2]
Change: В ожидании

*************************************Состояние передачи данных**************************************

create: В ожидании
sendBefore: [1, 4, 5, 5, 8, 4, 7, 8, 8, 5, 2, 9, 6, 9, 7, 3, 7, 2, 7, 9, 4, 8, 7, 6, 7, 8, 1, 4, 4, 6, 9, 4, 2, 9, 6, 4, 8, 1, 5, 7, 5, 9, 5, 2, 8, 7, 5, 7, 5, 4]
sendAfter: []
buffer: [1, 4, 5, 5, 8, 4, 7, 8, 8, 5, 2, 9, 6, 9, 7, 3, 7, 2, 7, 9, 4, 8, 7, 6, 7, 8, 1, 4, 4, 6, 9, 4, 2, 9, 6, 4, 8, 1, 5, 7, 5, 9, 5, 2, 8, 7, 5, 7, 5, 4]
receiveBefore: [2, 1, 8, 6, 7, 8, 5, 8, 7, 2, 4, 1, 8, 6, 9, 9, 5, 2, 3, 4, 4, 9, 7, 2, 1, 4, 9, 9, 4, 6, 2, 2, 7, 2, 9, 5, 8, 3, 5, 1, 2, 4, 5, 4, 8, 3, 5, 4, 3, 2]
receiveAfter: [2, 1, 8, 6, 7, 8, 5, 8, 7, 2, 4, 1, 8, 6, 9, 9, 5, 2, 3, 4, 4, 9, 7, 2, 1, 4, 9, 9, 4, 6, 2, 2, 7, 2, 9, 5, 8, 3, 5, 1, 2, 4, 5, 4, 8, 3, 5, 4, 3, 2, 1, 4, 5, 5, 8, 4, 7, 8, 8, 5, 2, 9, 6, 9, 7, 3, 7, 2, 7, 9, 4, 8, 7, 6, 7, 8, 1, 4, 4, 6, 9, 4, 2, 9, 6, 4, 8, 1, 5, 7, 5, 9, 5, 2, 8, 7, 5, 7, 5, 4]
Change: В ожидании


Итерация 50:

*********************************Состояние работы потоков с данными*********************************

create: [6, 3, 3, 2, 9, 3, 6, 9, 8, 8, 1, 4, 6, 8, 9, 8, 2, 8, 1, 3, 7, 9, 6, 3, 6, 7, 7, 3, 6, 6, 4, 2, 5, 4, 2, 3, 4, 7, 9, 5, 4, 2, 5, 3, 9, 9, 3, 3, 8, 9, 2, 9, 4, 4, 9, 6, 3, 6, 2, 8, 5, 3, 7, 9, 2, 2, 3, 8, 1, 4, 9, 7, 2, 4, 1, 6, 2, 8, 5, 7, 1, 6, 4, 7, 3, 7, 7, 4, 4, 5, 2, 4, 3, 4, 8, 5, 5, 7, 5, 6]
send: В ожидании
receive: В ожидании
Change: [12, 11, 18, 16, 17, 18, 15, 18, 17, 12, 14, 11, 18, 16, 19, 19, 15, 12, 13, 14, 14, 19, 17, 12, 11, 14, 19, 19, 14, 16, 12, 12, 17, 12, 19, 15, 18, 13, 15, 11, 12, 14, 15, 14, 18, 13, 15, 14, 13, 12, 11, 14, 15, 15, 18, 14, 17, 18, 18, 15, 12, 19, 16, 19, 17, 13, 17, 12, 17, 19, 14, 18, 17, 16, 17, 18, 11, 14, 14, 16, 19, 14, 12, 19, 16, 14, 18, 11, 15, 17, 15, 19, 15, 12, 18, 17, 15, 17, 15, 14]

*************************************Состояние передачи данных**************************************

create: В ожидании
sendBefore: [6, 3, 3, 2, 9, 3, 6, 9, 8, 8, 1, 4, 6, 8, 9, 8, 2, 8, 1, 3, 7, 9, 6, 3, 6, 7, 7, 3, 6, 6, 4, 2, 5, 4, 2, 3, 4, 7, 9, 5, 4, 2, 5, 3, 9, 9, 3, 3, 8, 9, 2, 9, 4, 4, 9, 6, 3, 6, 2, 8, 5, 3, 7, 9, 2, 2, 3, 8, 1, 4, 9, 7, 2, 4, 1, 6, 2, 8, 5, 7, 1, 6, 4, 7, 3, 7, 7, 4, 4, 5, 2, 4, 3, 4, 8, 5, 5, 7, 5, 6]
sendAfter: [2, 9, 4, 4, 9, 6, 3, 6, 2, 8, 5, 3, 7, 9, 2, 2, 3, 8, 1, 4, 9, 7, 2, 4, 1, 6, 2, 8, 5, 7, 1, 6, 4, 7, 3, 7, 7, 4, 4, 5, 2, 4, 3, 4, 8, 5, 5, 7, 5, 6]
buffer: [6, 3, 3, 2, 9, 3, 6, 9, 8, 8, 1, 4, 6, 8, 9, 8, 2, 8, 1, 3, 7, 9, 6, 3, 6, 7, 7, 3, 6, 6, 4, 2, 5, 4, 2, 3, 4, 7, 9, 5, 4, 2, 5, 3, 9, 9, 3, 3, 8, 9]
receiveBefore: []
receiveAfter: [6, 3, 3, 2, 9, 3, 6, 9, 8, 8, 1, 4, 6, 8, 9, 8, 2, 8, 1, 3, 7, 9, 6, 3, 6, 7, 7, 3, 6, 6, 4, 2, 5, 4, 2, 3, 4, 7, 9, 5, 4, 2, 5, 3, 9, 9, 3, 3, 8, 9]
Change: В ожидании

*************************************Состояние передачи данных**************************************

create: В ожидании
sendBefore: [2, 9, 4, 4, 9, 6, 3, 6, 2, 8, 5, 3, 7, 9, 2, 2, 3, 8, 1, 4, 9, 7, 2, 4, 1, 6, 2, 8, 5, 7, 1, 6, 4, 7, 3, 7, 7, 4, 4, 5, 2, 4, 3, 4, 8, 5, 5, 7, 5, 6]
sendAfter: []
buffer: [2, 9, 4, 4, 9, 6, 3, 6, 2, 8, 5, 3, 7, 9, 2, 2, 3, 8, 1, 4, 9, 7, 2, 4, 1, 6, 2, 8, 5, 7, 1, 6, 4, 7, 3, 7, 7, 4, 4, 5, 2, 4, 3, 4, 8, 5, 5, 7, 5, 6]
receiveBefore: [6, 3, 3, 2, 9, 3, 6, 9, 8, 8, 1, 4, 6, 8, 9, 8, 2, 8, 1, 3, 7, 9, 6, 3, 6, 7, 7, 3, 6, 6, 4, 2, 5, 4, 2, 3, 4, 7, 9, 5, 4, 2, 5, 3, 9, 9, 3, 3, 8, 9]
receiveAfter: [6, 3, 3, 2, 9, 3, 6, 9, 8, 8, 1, 4, 6, 8, 9, 8, 2, 8, 1, 3, 7, 9, 6, 3, 6, 7, 7, 3, 6, 6, 4, 2, 5, 4, 2, 3, 4, 7, 9, 5, 4, 2, 5, 3, 9, 9, 3, 3, 8, 9, 2, 9, 4, 4, 9, 6, 3, 6, 2, 8, 5, 3, 7, 9, 2, 2, 3, 8, 1, 4, 9, 7, 2, 4, 1, 6, 2, 8, 5, 7, 1, 6, 4, 7, 3, 7, 7, 4, 4, 5, 2, 4, 3, 4, 8, 5, 5, 7, 5, 6]
Change: В ожидании


Итерация 53:

*********************************Состояние работы потоков с данными*********************************

create: [4, 8, 7, 3, 7, 6, 7, 5, 8, 7, 5, 1, 1, 9, 6, 9, 3, 1, 2, 9, 3, 7, 2, 9, 3, 7, 3, 3, 3, 5, 6, 2, 6, 6, 9, 2, 4, 3, 3, 8, 2, 7, 4, 2, 6, 7, 7, 8, 3, 5, 4, 5, 2, 7, 4, 9, 4, 2, 2, 4, 6, 7, 5, 1, 7, 1, 6, 2, 2, 3, 3, 4, 8, 2, 2, 7, 6, 5, 5, 6, 3, 8, 5, 8, 9, 9, 2, 5, 1, 9, 2, 2, 4, 9, 8, 6, 7, 9, 5, 6]
send: В ожидании
receive: В ожидании
Change: [16, 13, 13, 12, 19, 13, 16, 19, 18, 18, 11, 14, 16, 18, 19, 18, 12, 18, 11, 13, 17, 19, 16, 13, 16, 17, 17, 13, 16, 16, 14, 12, 15, 14, 12, 13, 14, 17, 19, 15, 14, 12, 15, 13, 19, 19, 13, 13, 18, 19, 12, 19, 14, 14, 19, 16, 13, 16, 12, 18, 15, 13, 17, 19, 12, 12, 13, 18, 11, 14, 19, 17, 12, 14, 11, 16, 12, 18, 15, 17, 11, 16, 14, 17, 13, 17, 17, 14, 14, 15, 12, 14, 13, 14, 18, 15, 15, 17, 15, 16]

*************************************Состояние передачи данных**************************************

create: В ожидании
sendBefore: [4, 8, 7, 3, 7, 6, 7, 5, 8, 7, 5, 1, 1, 9, 6, 9, 3, 1, 2, 9, 3, 7, 2, 9, 3, 7, 3, 3, 3, 5, 6, 2, 6, 6, 9, 2, 4, 3, 3, 8, 2, 7, 4, 2, 6, 7, 7, 8, 3, 5, 4, 5, 2, 7, 4, 9, 4, 2, 2, 4, 6, 7, 5, 1, 7, 1, 6, 2, 2, 3, 3, 4, 8, 2, 2, 7, 6, 5, 5, 6, 3, 8, 5, 8, 9, 9, 2, 5, 1, 9, 2, 2, 4, 9, 8, 6, 7, 9, 5, 6]
sendAfter: [4, 5, 2, 7, 4, 9, 4, 2, 2, 4, 6, 7, 5, 1, 7, 1, 6, 2, 2, 3, 3, 4, 8, 2, 2, 7, 6, 5, 5, 6, 3, 8, 5, 8, 9, 9, 2, 5, 1, 9, 2, 2, 4, 9, 8, 6, 7, 9, 5, 6]
buffer: [4, 8, 7, 3, 7, 6, 7, 5, 8, 7, 5, 1, 1, 9, 6, 9, 3, 1, 2, 9, 3, 7, 2, 9, 3, 7, 3, 3, 3, 5, 6, 2, 6, 6, 9, 2, 4, 3, 3, 8, 2, 7, 4, 2, 6, 7, 7, 8, 3, 5]
receiveBefore: []
receiveAfter: [4, 8, 7, 3, 7, 6, 7, 5, 8, 7, 5, 1, 1, 9, 6, 9, 3, 1, 2, 9, 3, 7, 2, 9, 3, 7, 3, 3, 3, 5, 6, 2, 6, 6, 9, 2, 4, 3, 3, 8, 2, 7, 4, 2, 6, 7, 7, 8, 3, 5]
Change: В ожидании

*************************************Состояние передачи данных**************************************

create: В ожидании
sendBefore: [4, 5, 2, 7, 4, 9, 4, 2, 2, 4, 6, 7, 5, 1, 7, 1, 6, 2, 2, 3, 3, 4, 8, 2, 2, 7, 6, 5, 5, 6, 3, 8, 5, 8, 9, 9, 2, 5, 1, 9, 2, 2, 4, 9, 8, 6, 7, 9, 5, 6]
sendAfter: []
buffer: [4, 5, 2, 7, 4, 9, 4, 2, 2, 4, 6, 7, 5, 1, 7, 1, 6, 2, 2, 3, 3, 4, 8, 2, 2, 7, 6, 5, 5, 6, 3, 8, 5, 8, 9, 9, 2, 5, 1, 9, 2, 2, 4, 9, 8, 6, 7, 9, 5, 6]
receiveBefore: [4, 8, 7, 3, 7, 6, 7, 5, 8, 7, 5, 1, 1, 9, 6, 9, 3, 1, 2, 9, 3, 7, 2, 9, 3, 7, 3, 3, 3, 5, 6, 2, 6, 6, 9, 2, 4, 3, 3, 8, 2, 7, 4, 2, 6, 7, 7, 8, 3, 5]
receiveAfter: [4, 8, 7, 3, 7, 6, 7, 5, 8, 7, 5, 1, 1, 9, 6, 9, 3, 1, 2, 9, 3, 7, 2, 9, 3, 7, 3, 3, 3, 5, 6, 2, 6, 6, 9, 2, 4, 3, 3, 8, 2, 7, 4, 2, 6, 7, 7, 8, 3, 5, 4, 5, 2, 7, 4, 9, 4, 2, 2, 4, 6, 7, 5, 1, 7, 1, 6, 2, 2, 3, 3, 4, 8, 2, 2, 7, 6, 5, 5, 6, 3, 8, 5, 8, 9, 9, 2, 5, 1, 9, 2, 2, 4, 9, 8, 6, 7, 9, 5, 6]
Change: В ожидании


Итерация 56:

*********************************Состояние работы потоков с данными*********************************

create: [7, 5, 6, 4, 3, 6, 6, 1, 9, 6, 6, 7, 9, 8, 2, 2, 4, 7, 6, 2, 7, 5, 4, 5, 7, 3, 3, 5, 1, 2, 9, 7, 9, 5, 4, 5, 8, 9, 4, 1, 9, 6, 9, 9, 6, 3, 6, 1, 1, 8, 4, 8, 7, 4, 7, 9, 8, 8, 3, 3, 6, 2, 6, 7, 6, 2, 9, 9, 3, 4, 2, 1, 8, 6, 7, 1, 5, 5, 6, 8, 4, 7, 9, 7, 6, 9, 4, 5, 4, 5, 9, 1, 9, 4, 3, 9, 5, 2, 3, 7]
send: В ожидании
receive: В ожидании
Change: [14, 18, 17, 13, 17, 16, 17, 15, 18, 17, 15, 11, 11, 19, 16, 19, 13, 11, 12, 19, 13, 17, 12, 19, 13, 17, 13, 13, 13, 15, 16, 12, 16, 16, 19, 12, 14, 13, 13, 18, 12, 17, 14, 12, 16, 17, 17, 18, 13, 15, 14, 15, 12, 17, 14, 19, 14, 12, 12, 14, 16, 17, 15, 11, 17, 11, 16, 12, 12, 13, 13, 14, 18, 12, 12, 17, 16, 15, 15, 16, 13, 18, 15, 18, 19, 19, 12, 15, 11, 19, 12, 12, 14, 19, 18, 16, 17, 19, 15, 16]

*************************************Состояние передачи данных**************************************

create: В ожидании
sendBefore: [7, 5, 6, 4, 3, 6, 6, 1, 9, 6, 6, 7, 9, 8, 2, 2, 4, 7, 6, 2, 7, 5, 4, 5, 7, 3, 3, 5, 1, 2, 9, 7, 9, 5, 4, 5, 8, 9, 4, 1, 9, 6, 9, 9, 6, 3, 6, 1, 1, 8, 4, 8, 7, 4, 7, 9, 8, 8, 3, 3, 6, 2, 6, 7, 6, 2, 9, 9, 3, 4, 2, 1, 8, 6, 7, 1, 5, 5, 6, 8, 4, 7, 9, 7, 6, 9, 4, 5, 4, 5, 9, 1, 9, 4, 3, 9, 5, 2, 3, 7]
sendAfter: [4, 8, 7, 4, 7, 9, 8, 8, 3, 3, 6, 2, 6, 7, 6, 2, 9, 9, 3, 4, 2, 1, 8, 6, 7, 1, 5, 5, 6, 8, 4, 7, 9, 7, 6, 9, 4, 5, 4, 5, 9, 1, 9, 4, 3, 9, 5, 2, 3, 7]
buffer: [7, 5, 6, 4, 3, 6, 6, 1, 9, 6, 6, 7, 9, 8, 2, 2, 4, 7, 6, 2, 7, 5, 4, 5, 7, 3, 3, 5, 1, 2, 9, 7, 9, 5, 4, 5, 8, 9, 4, 1, 9, 6, 9, 9, 6, 3, 6, 1, 1, 8]
receiveBefore: []
receiveAfter: [7, 5, 6, 4, 3, 6, 6, 1, 9, 6, 6, 7, 9, 8, 2, 2, 4, 7, 6, 2, 7, 5, 4, 5, 7, 3, 3, 5, 1, 2, 9, 7, 9, 5, 4, 5, 8, 9, 4, 1, 9, 6, 9, 9, 6, 3, 6, 1, 1, 8]
Change: В ожидании

*************************************Состояние передачи данных**************************************

create: В ожидании
sendBefore: [4, 8, 7, 4, 7, 9, 8, 8, 3, 3, 6, 2, 6, 7, 6, 2, 9, 9, 3, 4, 2, 1, 8, 6, 7, 1, 5, 5, 6, 8, 4, 7, 9, 7, 6, 9, 4, 5, 4, 5, 9, 1, 9, 4, 3, 9, 5, 2, 3, 7]
sendAfter: []
buffer: [4, 8, 7, 4, 7, 9, 8, 8, 3, 3, 6, 2, 6, 7, 6, 2, 9, 9, 3, 4, 2, 1, 8, 6, 7, 1, 5, 5, 6, 8, 4, 7, 9, 7, 6, 9, 4, 5, 4, 5, 9, 1, 9, 4, 3, 9, 5, 2, 3, 7]
receiveBefore: [7, 5, 6, 4, 3, 6, 6, 1, 9, 6, 6, 7, 9, 8, 2, 2, 4, 7, 6, 2, 7, 5, 4, 5, 7, 3, 3, 5, 1, 2, 9, 7, 9, 5, 4, 5, 8, 9, 4, 1, 9, 6, 9, 9, 6, 3, 6, 1, 1, 8]
receiveAfter: [7, 5, 6, 4, 3, 6, 6, 1, 9, 6, 6, 7, 9, 8, 2, 2, 4, 7, 6, 2, 7, 5, 4, 5, 7, 3, 3, 5, 1, 2, 9, 7, 9, 5, 4, 5, 8, 9, 4, 1, 9, 6, 9, 9, 6, 3, 6, 1, 1, 8, 4, 8, 7, 4, 7, 9, 8, 8, 3, 3, 6, 2, 6, 7, 6, 2, 9, 9, 3, 4, 2, 1, 8, 6, 7, 1, 5, 5, 6, 8, 4, 7, 9, 7, 6, 9, 4, 5, 4, 5, 9, 1, 9, 4, 3, 9, 5, 2, 3, 7]
Change: В ожидании


Итерация 59:

*********************************Состояние работы потоков с данными*********************************

create: [5, 2, 5, 5, 1, 6, 4, 3, 6, 2, 2, 7, 6, 6, 4, 2, 3, 4, 5, 3, 9, 9, 7, 9, 5, 9, 3, 3, 6, 2, 5, 6, 5, 9, 7, 9, 2, 7, 7, 8, 5, 7, 3, 8, 4, 6, 5, 3, 4, 7, 7, 3, 4, 9, 3, 8, 5, 2, 9, 4, 7, 1, 1, 2, 2, 4, 3, 5, 6, 3, 5, 3, 9, 5, 8, 5, 6, 9, 1, 5, 8, 2, 5, 7, 2, 4, 2, 4, 8, 4, 4, 9, 2, 9, 7, 9, 2, 6, 7, 7]
send: В ожидании
receive: В ожидании
Change: [17, 15, 16, 14, 13, 16, 16, 11, 19, 16, 16, 17, 19, 18, 12, 12, 14, 17, 16, 12, 17, 15, 14, 15, 17, 13, 13, 15, 11, 12, 19, 17, 19, 15, 14, 15, 18, 19, 14, 11, 19, 16, 19, 19, 16, 13, 16, 11, 11, 18, 14, 18, 17, 14, 17, 19, 18, 18, 13, 13, 16, 12, 16, 17, 16, 12, 19, 19, 13, 14, 12, 11, 18, 16, 17, 11, 15, 15, 16, 18, 14, 17, 19, 17, 16, 19, 14, 15, 14, 15, 19, 11, 19, 14, 13, 19, 15, 12, 13, 17]

*************************************Состояние передачи данных**************************************

create: В ожидании
sendBefore: [5, 2, 5, 5, 1, 6, 4, 3, 6, 2, 2, 7, 6, 6, 4, 2, 3, 4, 5, 3, 9, 9, 7, 9, 5, 9, 3, 3, 6, 2, 5, 6, 5, 9, 7, 9, 2, 7, 7, 8, 5, 7, 3, 8, 4, 6, 5, 3, 4, 7, 7, 3, 4, 9, 3, 8, 5, 2, 9, 4, 7, 1, 1, 2, 2, 4, 3, 5, 6, 3, 5, 3, 9, 5, 8, 5, 6, 9, 1, 5, 8, 2, 5, 7, 2, 4, 2, 4, 8, 4, 4, 9, 2, 9, 7, 9, 2, 6, 7, 7]
sendAfter: [7, 3, 4, 9, 3, 8, 5, 2, 9, 4, 7, 1, 1, 2, 2, 4, 3, 5, 6, 3, 5, 3, 9, 5, 8, 5, 6, 9, 1, 5, 8, 2, 5, 7, 2, 4, 2, 4, 8, 4, 4, 9, 2, 9, 7, 9, 2, 6, 7, 7]
buffer: [5, 2, 5, 5, 1, 6, 4, 3, 6, 2, 2, 7, 6, 6, 4, 2, 3, 4, 5, 3, 9, 9, 7, 9, 5, 9, 3, 3, 6, 2, 5, 6, 5, 9, 7, 9, 2, 7, 7, 8, 5, 7, 3, 8, 4, 6, 5, 3, 4, 7]
receiveBefore: []
receiveAfter: [5, 2, 5, 5, 1, 6, 4, 3, 6, 2, 2, 7, 6, 6, 4, 2, 3, 4, 5, 3, 9, 9, 7, 9, 5, 9, 3, 3, 6, 2, 5, 6, 5, 9, 7, 9, 2, 7, 7, 8, 5, 7, 3, 8, 4, 6, 5, 3, 4, 7]
Change: В ожидании

*************************************Состояние передачи данных**************************************

create: В ожидании
sendBefore: [7, 3, 4, 9, 3, 8, 5, 2, 9, 4, 7, 1, 1, 2, 2, 4, 3, 5, 6, 3, 5, 3, 9, 5, 8, 5, 6, 9, 1, 5, 8, 2, 5, 7, 2, 4, 2, 4, 8, 4, 4, 9, 2, 9, 7, 9, 2, 6, 7, 7]
sendAfter: []
buffer: [7, 3, 4, 9, 3, 8, 5, 2, 9, 4, 7, 1, 1, 2, 2, 4, 3, 5, 6, 3, 5, 3, 9, 5, 8, 5, 6, 9, 1, 5, 8, 2, 5, 7, 2, 4, 2, 4, 8, 4, 4, 9, 2, 9, 7, 9, 2, 6, 7, 7]
receiveBefore: [5, 2, 5, 5, 1, 6, 4, 3, 6, 2, 2, 7, 6, 6, 4, 2, 3, 4, 5, 3, 9, 9, 7, 9, 5, 9, 3, 3, 6, 2, 5, 6, 5, 9, 7, 9, 2, 7, 7, 8, 5, 7, 3, 8, 4, 6, 5, 3, 4, 7]
receiveAfter: [5, 2, 5, 5, 1, 6, 4, 3, 6, 2, 2, 7, 6, 6, 4, 2, 3, 4, 5, 3, 9, 9, 7, 9, 5, 9, 3, 3, 6, 2, 5, 6, 5, 9, 7, 9, 2, 7, 7, 8, 5, 7, 3, 8, 4, 6, 5, 3, 4, 7, 7, 3, 4, 9, 3, 8, 5, 2, 9, 4, 7, 1, 1, 2, 2, 4, 3, 5, 6, 3, 5, 3, 9, 5, 8, 5, 6, 9, 1, 5, 8, 2, 5, 7, 2, 4, 2, 4, 8, 4, 4, 9, 2, 9, 7, 9, 2, 6, 7, 7]
Change: В ожидании


Итерация 62:

*********************************Состояние работы потоков с данными*********************************

create: [8, 1, 8, 7, 1, 5, 4, 9, 5, 9, 5, 3, 9, 2, 1, 8, 2, 6, 7, 2, 3, 4, 5, 9, 4, 2, 5, 7, 9, 3, 6, 4, 1, 9, 9, 1, 3, 1, 2, 3, 9, 4, 7, 4, 7, 9, 6, 4, 8, 8, 3, 3, 2, 8, 6, 8, 6, 2, 2, 9, 7, 8, 5, 2, 3, 5, 5, 7, 3, 1, 5, 6, 2, 9, 9, 2, 6, 1, 6, 1, 5, 3, 5, 6, 1, 5, 6, 2, 1, 6, 7, 2, 4, 8, 7, 1, 8, 5, 7, 8]
send: В ожидании
receive: В ожидании
Change: [15, 12, 15, 15, 11, 16, 14, 13, 16, 12, 12, 17, 16, 16, 14, 12, 13, 14, 15, 13, 19, 19, 17, 19, 15, 19, 13, 13, 16, 12, 15, 16, 15, 19, 17, 19, 12, 17, 17, 18, 15, 17, 13, 18, 14, 16, 15, 13, 14, 17, 17, 13, 14, 19, 13, 18, 15, 12, 19, 14, 17, 11, 11, 12, 12, 14, 13, 15, 16, 13, 15, 13, 19, 15, 18, 15, 16, 19, 11, 15, 18, 12, 15, 17, 12, 14, 12, 14, 18, 14, 14, 19, 12, 19, 17, 19, 12, 16, 17, 17]

*************************************Состояние передачи данных**************************************

create: В ожидании
sendBefore: [8, 1, 8, 7, 1, 5, 4, 9, 5, 9, 5, 3, 9, 2, 1, 8, 2, 6, 7, 2, 3, 4, 5, 9, 4, 2, 5, 7, 9, 3, 6, 4, 1, 9, 9, 1, 3, 1, 2, 3, 9, 4, 7, 4, 7, 9, 6, 4, 8, 8, 3, 3, 2, 8, 6, 8, 6, 2, 2, 9, 7, 8, 5, 2, 3, 5, 5, 7, 3, 1, 5, 6, 2, 9, 9, 2, 6, 1, 6, 1, 5, 3, 5, 6, 1, 5, 6, 2, 1, 6, 7, 2, 4, 8, 7, 1, 8, 5, 7, 8]
sendAfter: [3, 3, 2, 8, 6, 8, 6, 2, 2, 9, 7, 8, 5, 2, 3, 5, 5, 7, 3, 1, 5, 6, 2, 9, 9, 2, 6, 1, 6, 1, 5, 3, 5, 6, 1, 5, 6, 2, 1, 6, 7, 2, 4, 8, 7, 1, 8, 5, 7, 8]
buffer: [8, 1, 8, 7, 1, 5, 4, 9, 5, 9, 5, 3, 9, 2, 1, 8, 2, 6, 7, 2, 3, 4, 5, 9, 4, 2, 5, 7, 9, 3, 6, 4, 1, 9, 9, 1, 3, 1, 2, 3, 9, 4, 7, 4, 7, 9, 6, 4, 8, 8]
receiveBefore: []
receiveAfter: [8, 1, 8, 7, 1, 5, 4, 9, 5, 9, 5, 3, 9, 2, 1, 8, 2, 6, 7, 2, 3, 4, 5, 9, 4, 2, 5, 7, 9, 3, 6, 4, 1, 9, 9, 1, 3, 1, 2, 3, 9, 4, 7, 4, 7, 9, 6, 4, 8, 8]
Change: В ожидании

*************************************Состояние передачи данных**************************************

create: В ожидании
sendBefore: [3, 3, 2, 8, 6, 8, 6, 2, 2, 9, 7, 8, 5, 2, 3, 5, 5, 7, 3, 1, 5, 6, 2, 9, 9, 2, 6, 1, 6, 1, 5, 3, 5, 6, 1, 5, 6, 2, 1, 6, 7, 2, 4, 8, 7, 1, 8, 5, 7, 8]
sendAfter: []
buffer: [3, 3, 2, 8, 6, 8, 6, 2, 2, 9, 7, 8, 5, 2, 3, 5, 5, 7, 3, 1, 5, 6, 2, 9, 9, 2, 6, 1, 6, 1, 5, 3, 5, 6, 1, 5, 6, 2, 1, 6, 7, 2, 4, 8, 7, 1, 8, 5, 7, 8]
receiveBefore: [8, 1, 8, 7, 1, 5, 4, 9, 5, 9, 5, 3, 9, 2, 1, 8, 2, 6, 7, 2, 3, 4, 5, 9, 4, 2, 5, 7, 9, 3, 6, 4, 1, 9, 9, 1, 3, 1, 2, 3, 9, 4, 7, 4, 7, 9, 6, 4, 8, 8]
receiveAfter: [8, 1, 8, 7, 1, 5, 4, 9, 5, 9, 5, 3, 9, 2, 1, 8, 2, 6, 7, 2, 3, 4, 5, 9, 4, 2, 5, 7, 9, 3, 6, 4, 1, 9, 9, 1, 3, 1, 2, 3, 9, 4, 7, 4, 7, 9, 6, 4, 8, 8, 3, 3, 2, 8, 6, 8, 6, 2, 2, 9, 7, 8, 5, 2, 3, 5, 5, 7, 3, 1, 5, 6, 2, 9, 9, 2, 6, 1, 6, 1, 5, 3, 5, 6, 1, 5, 6, 2, 1, 6, 7, 2, 4, 8, 7, 1, 8, 5, 7, 8]
Change: В ожидании


Итерация 65:

*********************************Состояние работы потоков с данными*********************************

create: [1, 8, 3, 7, 5, 7, 2, 9, 4, 4, 1, 8, 1, 6, 9, 2, 4, 6, 3, 4, 2, 2, 1, 1, 1, 7, 2, 4, 8, 9, 6, 2, 1, 9, 6, 6, 1, 3, 1, 1, 8, 9, 8, 6, 4, 7, 5, 1, 2, 9, 4, 8, 5, 3, 5, 2, 3, 6, 2, 4, 6, 1, 9, 7, 5, 3, 8, 4, 5, 6, 4, 2, 1, 6, 7, 6, 9, 6, 4, 5, 5, 7, 3, 4, 3, 9, 5, 3, 7, 3, 6, 7, 4, 1, 7, 4, 6, 6, 9, 5]
send: В ожидании
receive: В ожидании
Change: [18, 11, 18, 17, 11, 15, 14, 19, 15, 19, 15, 13, 19, 12, 11, 18, 12, 16, 17, 12, 13, 14, 15, 19, 14, 12, 15, 17, 19, 13, 16, 14, 11, 19, 19, 11, 13, 11, 12, 13, 19, 14, 17, 14, 17, 19, 16, 14, 18, 18, 13, 13, 12, 18, 16, 18, 16, 12, 12, 19, 17, 18, 15, 12, 13, 15, 15, 17, 13, 11, 15, 16, 12, 19, 19, 12, 16, 11, 16, 11, 15, 13, 15, 16, 11, 15, 16, 12, 11, 16, 17, 12, 14, 18, 17, 11, 18, 15, 17, 18]

*************************************Состояние передачи данных**************************************

create: В ожидании
sendBefore: [1, 8, 3, 7, 5, 7, 2, 9, 4, 4, 1, 8, 1, 6, 9, 2, 4, 6, 3, 4, 2, 2, 1, 1, 1, 7, 2, 4, 8, 9, 6, 2, 1, 9, 6, 6, 1, 3, 1, 1, 8, 9, 8, 6, 4, 7, 5, 1, 2, 9, 4, 8, 5, 3, 5, 2, 3, 6, 2, 4, 6, 1, 9, 7, 5, 3, 8, 4, 5, 6, 4, 2, 1, 6, 7, 6, 9, 6, 4, 5, 5, 7, 3, 4, 3, 9, 5, 3, 7, 3, 6, 7, 4, 1, 7, 4, 6, 6, 9, 5]
sendAfter: [4, 8, 5, 3, 5, 2, 3, 6, 2, 4, 6, 1, 9, 7, 5, 3, 8, 4, 5, 6, 4, 2, 1, 6, 7, 6, 9, 6, 4, 5, 5, 7, 3, 4, 3, 9, 5, 3, 7, 3, 6, 7, 4, 1, 7, 4, 6, 6, 9, 5]
buffer: [1, 8, 3, 7, 5, 7, 2, 9, 4, 4, 1, 8, 1, 6, 9, 2, 4, 6, 3, 4, 2, 2, 1, 1, 1, 7, 2, 4, 8, 9, 6, 2, 1, 9, 6, 6, 1, 3, 1, 1, 8, 9, 8, 6, 4, 7, 5, 1, 2, 9]
receiveBefore: []
receiveAfter: [1, 8, 3, 7, 5, 7, 2, 9, 4, 4, 1, 8, 1, 6, 9, 2, 4, 6, 3, 4, 2, 2, 1, 1, 1, 7, 2, 4, 8, 9, 6, 2, 1, 9, 6, 6, 1, 3, 1, 1, 8, 9, 8, 6, 4, 7, 5, 1, 2, 9]
Change: В ожидании

*************************************Состояние передачи данных**************************************

create: В ожидании
sendBefore: [4, 8, 5, 3, 5, 2, 3, 6, 2, 4, 6, 1, 9, 7, 5, 3, 8, 4, 5, 6, 4, 2, 1, 6, 7, 6, 9, 6, 4, 5, 5, 7, 3, 4, 3, 9, 5, 3, 7, 3, 6, 7, 4, 1, 7, 4, 6, 6, 9, 5]
sendAfter: []
buffer: [4, 8, 5, 3, 5, 2, 3, 6, 2, 4, 6, 1, 9, 7, 5, 3, 8, 4, 5, 6, 4, 2, 1, 6, 7, 6, 9, 6, 4, 5, 5, 7, 3, 4, 3, 9, 5, 3, 7, 3, 6, 7, 4, 1, 7, 4, 6, 6, 9, 5]
receiveBefore: [1, 8, 3, 7, 5, 7, 2, 9, 4, 4, 1, 8, 1, 6, 9, 2, 4, 6, 3, 4, 2, 2, 1, 1, 1, 7, 2, 4, 8, 9, 6, 2, 1, 9, 6, 6, 1, 3, 1, 1, 8, 9, 8, 6, 4, 7, 5, 1, 2, 9]
receiveAfter: [1, 8, 3, 7, 5, 7, 2, 9, 4, 4, 1, 8, 1, 6, 9, 2, 4, 6, 3, 4, 2, 2, 1, 1, 1, 7, 2, 4, 8, 9, 6, 2, 1, 9, 6, 6, 1, 3, 1, 1, 8, 9, 8, 6, 4, 7, 5, 1, 2, 9, 4, 8, 5, 3, 5, 2, 3, 6, 2, 4, 6, 1, 9, 7, 5, 3, 8, 4, 5, 6, 4, 2, 1, 6, 7, 6, 9, 6, 4, 5, 5, 7, 3, 4, 3, 9, 5, 3, 7, 3, 6, 7, 4, 1, 7, 4, 6, 6, 9, 5]
Change: В ожидании


Итерация 68:

*********************************Состояние работы потоков с данными*********************************

create: [5, 8, 8, 5, 1, 5, 5, 7, 1, 4, 5, 7, 8, 2, 8, 7, 4, 3, 1, 3, 7, 1, 6, 9, 6, 9, 3, 6, 4, 2, 5, 7, 8, 3, 5, 4, 8, 1, 5, 1, 1, 9, 5, 1, 9, 8, 8, 2, 9, 1, 4, 8, 5, 3, 1, 5, 6, 8, 8, 7, 4, 2, 7, 4, 9, 4, 3, 6, 6, 4, 4, 4, 3, 1, 2, 9, 9, 7, 1, 6, 9, 7, 5, 8, 2, 6, 5, 7, 9, 7, 9, 4, 2, 9, 3, 5, 5, 7, 2, 8]
send: В ожидании
receive: В ожидании
Change: [11, 18, 13, 17, 15, 17, 12, 19, 14, 14, 11, 18, 11, 16, 19, 12, 14, 16, 13, 14, 12, 12, 11, 11, 11, 17, 12, 14, 18, 19, 16, 12, 11, 19, 16, 16, 11, 13, 11, 11, 18, 19, 18, 16, 14, 17, 15, 11, 12, 19, 14, 18, 15, 13, 15, 12, 13, 16, 12, 14, 16, 11, 19, 17, 15, 13, 18, 14, 15, 16, 14, 12, 11, 16, 17, 16, 19, 16, 14, 15, 15, 17, 13, 14, 13, 19, 15, 13, 17, 13, 16, 17, 14, 11, 17, 14, 16, 16, 19, 15]

*************************************Состояние передачи данных**************************************

create: В ожидании
sendBefore: [5, 8, 8, 5, 1, 5, 5, 7, 1, 4, 5, 7, 8, 2, 8, 7, 4, 3, 1, 3, 7, 1, 6, 9, 6, 9, 3, 6, 4, 2, 5, 7, 8, 3, 5, 4, 8, 1, 5, 1, 1, 9, 5, 1, 9, 8, 8, 2, 9, 1, 4, 8, 5, 3, 1, 5, 6, 8, 8, 7, 4, 2, 7, 4, 9, 4, 3, 6, 6, 4, 4, 4, 3, 1, 2, 9, 9, 7, 1, 6, 9, 7, 5, 8, 2, 6, 5, 7, 9, 7, 9, 4, 2, 9, 3, 5, 5, 7, 2, 8]
sendAfter: [4, 8, 5, 3, 1, 5, 6, 8, 8, 7, 4, 2, 7, 4, 9, 4, 3, 6, 6, 4, 4, 4, 3, 1, 2, 9, 9, 7, 1, 6, 9, 7, 5, 8, 2, 6, 5, 7, 9, 7, 9, 4, 2, 9, 3, 5, 5, 7, 2, 8]
buffer: [5, 8, 8, 5, 1, 5, 5, 7, 1, 4, 5, 7, 8, 2, 8, 7, 4, 3, 1, 3, 7, 1, 6, 9, 6, 9, 3, 6, 4, 2, 5, 7, 8, 3, 5, 4, 8, 1, 5, 1, 1, 9, 5, 1, 9, 8, 8, 2, 9, 1]
receiveBefore: []
receiveAfter: [5, 8, 8, 5, 1, 5, 5, 7, 1, 4, 5, 7, 8, 2, 8, 7, 4, 3, 1, 3, 7, 1, 6, 9, 6, 9, 3, 6, 4, 2, 5, 7, 8, 3, 5, 4, 8, 1, 5, 1, 1, 9, 5, 1, 9, 8, 8, 2, 9, 1]
Change: В ожидании

*************************************Состояние передачи данных**************************************

create: В ожидании
sendBefore: [4, 8, 5, 3, 1, 5, 6, 8, 8, 7, 4, 2, 7, 4, 9, 4, 3, 6, 6, 4, 4, 4, 3, 1, 2, 9, 9, 7, 1, 6, 9, 7, 5, 8, 2, 6, 5, 7, 9, 7, 9, 4, 2, 9, 3, 5, 5, 7, 2, 8]
sendAfter: []
buffer: [4, 8, 5, 3, 1, 5, 6, 8, 8, 7, 4, 2, 7, 4, 9, 4, 3, 6, 6, 4, 4, 4, 3, 1, 2, 9, 9, 7, 1, 6, 9, 7, 5, 8, 2, 6, 5, 7, 9, 7, 9, 4, 2, 9, 3, 5, 5, 7, 2, 8]
receiveBefore: [5, 8, 8, 5, 1, 5, 5, 7, 1, 4, 5, 7, 8, 2, 8, 7, 4, 3, 1, 3, 7, 1, 6, 9, 6, 9, 3, 6, 4, 2, 5, 7, 8, 3, 5, 4, 8, 1, 5, 1, 1, 9, 5, 1, 9, 8, 8, 2, 9, 1]
receiveAfter: [5, 8, 8, 5, 1, 5, 5, 7, 1, 4, 5, 7, 8, 2, 8, 7, 4, 3, 1, 3, 7, 1, 6, 9, 6, 9, 3, 6, 4, 2, 5, 7, 8, 3, 5, 4, 8, 1, 5, 1, 1, 9, 5, 1, 9, 8, 8, 2, 9, 1, 4, 8, 5, 3, 1, 5, 6, 8, 8, 7, 4, 2, 7, 4, 9, 4, 3, 6, 6, 4, 4, 4, 3, 1, 2, 9, 9, 7, 1, 6, 9, 7, 5, 8, 2, 6, 5, 7, 9, 7, 9, 4, 2, 9, 3, 5, 5, 7, 2, 8]
Change: В ожидании


Итерация 71:

*********************************Состояние работы потоков с данными*********************************

create: [6, 2, 1, 8, 1, 4, 2, 2, 5, 4, 6, 9, 5, 7, 9, 3, 6, 9, 8, 3, 5, 1, 8, 2, 5, 2, 5, 1, 5, 1, 5, 7, 4, 8, 3, 4, 7, 6, 3, 8, 8, 7, 3, 3, 6, 1, 6, 6, 5, 9, 2, 1, 9, 4, 2, 4, 4, 7, 7, 5, 9, 8, 6, 1, 2, 4, 7, 2, 8, 9, 2, 4, 9, 8, 7, 7, 8, 9, 8, 7, 4, 7, 9, 2, 3, 4, 6, 8, 3, 9, 2, 8, 5, 9, 1, 5, 5, 5, 7, 6]
send: В ожидании
receive: В ожидании
Change: [15, 18, 18, 15, 11, 15, 15, 17, 11, 14, 15, 17, 18, 12, 18, 17, 14, 13, 11, 13, 17, 11, 16, 19, 16, 19, 13, 16, 14, 12, 15, 17, 18, 13, 15, 14, 18, 11, 15, 11, 11, 19, 15, 11, 19, 18, 18, 12, 19, 11, 14, 18, 15, 13, 11, 15, 16, 18, 18, 17, 14, 12, 17, 14, 19, 14, 13, 16, 16, 14, 14, 14, 13, 11, 12, 19, 19, 17, 11, 16, 19, 17, 15, 18, 12, 16, 15, 17, 19, 17, 19, 14, 12, 19, 13, 15, 15, 17, 12, 18]

*************************************Состояние передачи данных**************************************

create: В ожидании
sendBefore: [6, 2, 1, 8, 1, 4, 2, 2, 5, 4, 6, 9, 5, 7, 9, 3, 6, 9, 8, 3, 5, 1, 8, 2, 5, 2, 5, 1, 5, 1, 5, 7, 4, 8, 3, 4, 7, 6, 3, 8, 8, 7, 3, 3, 6, 1, 6, 6, 5, 9, 2, 1, 9, 4, 2, 4, 4, 7, 7, 5, 9, 8, 6, 1, 2, 4, 7, 2, 8, 9, 2, 4, 9, 8, 7, 7, 8, 9, 8, 7, 4, 7, 9, 2, 3, 4, 6, 8, 3, 9, 2, 8, 5, 9, 1, 5, 5, 5, 7, 6]
sendAfter: [2, 1, 9, 4, 2, 4, 4, 7, 7, 5, 9, 8, 6, 1, 2, 4, 7, 2, 8, 9, 2, 4, 9, 8, 7, 7, 8, 9, 8, 7, 4, 7, 9, 2, 3, 4, 6, 8, 3, 9, 2, 8, 5, 9, 1, 5, 5, 5, 7, 6]
buffer: [6, 2, 1, 8, 1, 4, 2, 2, 5, 4, 6, 9, 5, 7, 9, 3, 6, 9, 8, 3, 5, 1, 8, 2, 5, 2, 5, 1, 5, 1, 5, 7, 4, 8, 3, 4, 7, 6, 3, 8, 8, 7, 3, 3, 6, 1, 6, 6, 5, 9]
receiveBefore: []
receiveAfter: [6, 2, 1, 8, 1, 4, 2, 2, 5, 4, 6, 9, 5, 7, 9, 3, 6, 9, 8, 3, 5, 1, 8, 2, 5, 2, 5, 1, 5, 1, 5, 7, 4, 8, 3, 4, 7, 6, 3, 8, 8, 7, 3, 3, 6, 1, 6, 6, 5, 9]
Change: В ожидании

*************************************Состояние передачи данных**************************************

create: В ожидании
sendBefore: [2, 1, 9, 4, 2, 4, 4, 7, 7, 5, 9, 8, 6, 1, 2, 4, 7, 2, 8, 9, 2, 4, 9, 8, 7, 7, 8, 9, 8, 7, 4, 7, 9, 2, 3, 4, 6, 8, 3, 9, 2, 8, 5, 9, 1, 5, 5, 5, 7, 6]
sendAfter: []
buffer: [2, 1, 9, 4, 2, 4, 4, 7, 7, 5, 9, 8, 6, 1, 2, 4, 7, 2, 8, 9, 2, 4, 9, 8, 7, 7, 8, 9, 8, 7, 4, 7, 9, 2, 3, 4, 6, 8, 3, 9, 2, 8, 5, 9, 1, 5, 5, 5, 7, 6]
receiveBefore: [6, 2, 1, 8, 1, 4, 2, 2, 5, 4, 6, 9, 5, 7, 9, 3, 6, 9, 8, 3, 5, 1, 8, 2, 5, 2, 5, 1, 5, 1, 5, 7, 4, 8, 3, 4, 7, 6, 3, 8, 8, 7, 3, 3, 6, 1, 6, 6, 5, 9]
receiveAfter: [6, 2, 1, 8, 1, 4, 2, 2, 5, 4, 6, 9, 5, 7, 9, 3, 6, 9, 8, 3, 5, 1, 8, 2, 5, 2, 5, 1, 5, 1, 5, 7, 4, 8, 3, 4, 7, 6, 3, 8, 8, 7, 3, 3, 6, 1, 6, 6, 5, 9, 2, 1, 9, 4, 2, 4, 4, 7, 7, 5, 9, 8, 6, 1, 2, 4, 7, 2, 8, 9, 2, 4, 9, 8, 7, 7, 8, 9, 8, 7, 4, 7, 9, 2, 3, 4, 6, 8, 3, 9, 2, 8, 5, 9, 1, 5, 5, 5, 7, 6]
Change: В ожидании


Итерация 74:

*********************************Состояние работы потоков с данными*********************************

create: [6, 3, 1, 9, 5, 7, 5, 6, 3, 5, 6, 8, 4, 3, 5, 9, 4, 6, 8, 3, 1, 1, 1, 3, 1, 6, 7, 8, 5, 2, 4, 7, 7, 1, 7, 6, 4, 1, 2, 3, 9, 5, 4, 8, 9, 7, 6, 1, 7, 1, 7, 4, 6, 6, 4, 2, 9, 8, 9, 6, 7, 3, 5, 2, 9, 6, 6, 1, 9, 5, 8, 1, 3, 1, 7, 2, 4, 1, 4, 7, 2, 4, 4, 7, 6, 7, 3, 2, 1, 6, 3, 9, 9, 9, 2, 9, 9, 9, 1, 9]
send: В ожидании
receive: В ожидании
Change: [16, 12, 11, 18, 11, 14, 12, 12, 15, 14, 16, 19, 15, 17, 19, 13, 16, 19, 18, 13, 15, 11, 18, 12, 15, 12, 15, 11, 15, 11, 15, 17, 14, 18, 13, 14, 17, 16, 13, 18, 18, 17, 13, 13, 16, 11, 16, 16, 15, 19, 12, 11, 19, 14, 12, 14, 14, 17, 17, 15, 19, 18, 16, 11, 12, 14, 17, 12, 18, 19, 12, 14, 19, 18, 17, 17, 18, 19, 18, 17, 14, 17, 19, 12, 13, 14, 16, 18, 13, 19, 12, 18, 15, 19, 11, 15, 15, 15, 17, 16]

*************************************Состояние передачи данных**************************************

create: В ожидании
sendBefore: [6, 3, 1, 9, 5, 7, 5, 6, 3, 5, 6, 8, 4, 3, 5, 9, 4, 6, 8, 3, 1, 1, 1, 3, 1, 6, 7, 8, 5, 2, 4, 7, 7, 1, 7, 6, 4, 1, 2, 3, 9, 5, 4, 8, 9, 7, 6, 1, 7, 1, 7, 4, 6, 6, 4, 2, 9, 8, 9, 6, 7, 3, 5, 2, 9, 6, 6, 1, 9, 5, 8, 1, 3, 1, 7, 2, 4, 1, 4, 7, 2, 4, 4, 7, 6, 7, 3, 2, 1, 6, 3, 9, 9, 9, 2, 9, 9, 9, 1, 9]
sendAfter: [7, 4, 6, 6, 4, 2, 9, 8, 9, 6, 7, 3, 5, 2, 9, 6, 6, 1, 9, 5, 8, 1, 3, 1, 7, 2, 4, 1, 4, 7, 2, 4, 4, 7, 6, 7, 3, 2, 1, 6, 3, 9, 9, 9, 2, 9, 9, 9, 1, 9]
buffer: [6, 3, 1, 9, 5, 7, 5, 6, 3, 5, 6, 8, 4, 3, 5, 9, 4, 6, 8, 3, 1, 1, 1, 3, 1, 6, 7, 8, 5, 2, 4, 7, 7, 1, 7, 6, 4, 1, 2, 3, 9, 5, 4, 8, 9, 7, 6, 1, 7, 1]
receiveBefore: []
receiveAfter: [6, 3, 1, 9, 5, 7, 5, 6, 3, 5, 6, 8, 4, 3, 5, 9, 4, 6, 8, 3, 1, 1, 1, 3, 1, 6, 7, 8, 5, 2, 4, 7, 7, 1, 7, 6, 4, 1, 2, 3, 9, 5, 4, 8, 9, 7, 6, 1, 7, 1]
Change: В ожидании

*************************************Состояние передачи данных**************************************

create: В ожидании
sendBefore: [7, 4, 6, 6, 4, 2, 9, 8, 9, 6, 7, 3, 5, 2, 9, 6, 6, 1, 9, 5, 8, 1, 3, 1, 7, 2, 4, 1, 4, 7, 2, 4, 4, 7, 6, 7, 3, 2, 1, 6, 3, 9, 9, 9, 2, 9, 9, 9, 1, 9]
sendAfter: []
buffer: [7, 4, 6, 6, 4, 2, 9, 8, 9, 6, 7, 3, 5, 2, 9, 6, 6, 1, 9, 5, 8, 1, 3, 1, 7, 2, 4, 1, 4, 7, 2, 4, 4, 7, 6, 7, 3, 2, 1, 6, 3, 9, 9, 9, 2, 9, 9, 9, 1, 9]
receiveBefore: [6, 3, 1, 9, 5, 7, 5, 6, 3, 5, 6, 8, 4, 3, 5, 9, 4, 6, 8, 3, 1, 1, 1, 3, 1, 6, 7, 8, 5, 2, 4, 7, 7, 1, 7, 6, 4, 1, 2, 3, 9, 5, 4, 8, 9, 7, 6, 1, 7, 1]
receiveAfter: [6, 3, 1, 9, 5, 7, 5, 6, 3, 5, 6, 8, 4, 3, 5, 9, 4, 6, 8, 3, 1, 1, 1, 3, 1, 6, 7, 8, 5, 2, 4, 7, 7, 1, 7, 6, 4, 1, 2, 3, 9, 5, 4, 8, 9, 7, 6, 1, 7, 1, 7, 4, 6, 6, 4, 2, 9, 8, 9, 6, 7, 3, 5, 2, 9, 6, 6, 1, 9, 5, 8, 1, 3, 1, 7, 2, 4, 1, 4, 7, 2, 4, 4, 7, 6, 7, 3, 2, 1, 6, 3, 9, 9, 9, 2, 9, 9, 9, 1, 9]
Change: В ожидании


Итерация 77:

*********************************Состояние работы потоков с данными*********************************

create: [7, 2, 8, 4, 9, 7, 2, 7, 5, 1, 4, 7, 2, 3, 4, 3, 7, 7, 4, 6, 6, 3, 9, 3, 7, 5, 9, 1, 6, 4, 4, 2, 9, 8, 9, 5, 9, 1, 3, 3, 2, 1, 2, 8, 9, 8, 3, 5, 4, 2, 4, 5, 9, 2, 5, 2, 8, 3, 4, 2, 8, 8, 6, 6, 7, 4, 9, 5, 8, 7, 5, 6, 3, 1, 8, 9, 6, 6, 8, 1, 2, 9, 9, 6, 4, 9, 1, 3, 6, 9, 9, 8, 6, 5, 1, 4, 5, 9, 8, 7]
send: В ожидании
receive: В ожидании
Change: [16, 13, 11, 19, 15, 17, 15, 16, 13, 15, 16, 18, 14, 13, 15, 19, 14, 16, 18, 13, 11, 11, 11, 13, 11, 16, 17, 18, 15, 12, 14, 17, 17, 11, 17, 16, 14, 11, 12, 13, 19, 15, 14, 18, 19, 17, 16, 11, 17, 11, 17, 14, 16, 16, 14, 12, 19, 18, 19, 16, 17, 13, 15, 12, 19, 16, 16, 11, 19, 15, 18, 11, 13, 11, 17, 12, 14, 11, 14, 17, 12, 14, 14, 17, 16, 17, 13, 12, 11, 16, 13, 19, 19, 19, 12, 19, 19, 19, 11, 19]

*************************************Состояние передачи данных**************************************

create: В ожидании
sendBefore: [7, 2, 8, 4, 9, 7, 2, 7, 5, 1, 4, 7, 2, 3, 4, 3, 7, 7, 4, 6, 6, 3, 9, 3, 7, 5, 9, 1, 6, 4, 4, 2, 9, 8, 9, 5, 9, 1, 3, 3, 2, 1, 2, 8, 9, 8, 3, 5, 4, 2, 4, 5, 9, 2, 5, 2, 8, 3, 4, 2, 8, 8, 6, 6, 7, 4, 9, 5, 8, 7, 5, 6, 3, 1, 8, 9, 6, 6, 8, 1, 2, 9, 9, 6, 4, 9, 1, 3, 6, 9, 9, 8, 6, 5, 1, 4, 5, 9, 8, 7]
sendAfter: [4, 5, 9, 2, 5, 2, 8, 3, 4, 2, 8, 8, 6, 6, 7, 4, 9, 5, 8, 7, 5, 6, 3, 1, 8, 9, 6, 6, 8, 1, 2, 9, 9, 6, 4, 9, 1, 3, 6, 9, 9, 8, 6, 5, 1, 4, 5, 9, 8, 7]
buffer: [7, 2, 8, 4, 9, 7, 2, 7, 5, 1, 4, 7, 2, 3, 4, 3, 7, 7, 4, 6, 6, 3, 9, 3, 7, 5, 9, 1, 6, 4, 4, 2, 9, 8, 9, 5, 9, 1, 3, 3, 2, 1, 2, 8, 9, 8, 3, 5, 4, 2]
receiveBefore: []
receiveAfter: [7, 2, 8, 4, 9, 7, 2, 7, 5, 1, 4, 7, 2, 3, 4, 3, 7, 7, 4, 6, 6, 3, 9, 3, 7, 5, 9, 1, 6, 4, 4, 2, 9, 8, 9, 5, 9, 1, 3, 3, 2, 1, 2, 8, 9, 8, 3, 5, 4, 2]
Change: В ожидании

*************************************Состояние передачи данных**************************************

create: В ожидании
sendBefore: [4, 5, 9, 2, 5, 2, 8, 3, 4, 2, 8, 8, 6, 6, 7, 4, 9, 5, 8, 7, 5, 6, 3, 1, 8, 9, 6, 6, 8, 1, 2, 9, 9, 6, 4, 9, 1, 3, 6, 9, 9, 8, 6, 5, 1, 4, 5, 9, 8, 7]
sendAfter: []
buffer: [4, 5, 9, 2, 5, 2, 8, 3, 4, 2, 8, 8, 6, 6, 7, 4, 9, 5, 8, 7, 5, 6, 3, 1, 8, 9, 6, 6, 8, 1, 2, 9, 9, 6, 4, 9, 1, 3, 6, 9, 9, 8, 6, 5, 1, 4, 5, 9, 8, 7]
receiveBefore: [7, 2, 8, 4, 9, 7, 2, 7, 5, 1, 4, 7, 2, 3, 4, 3, 7, 7, 4, 6, 6, 3, 9, 3, 7, 5, 9, 1, 6, 4, 4, 2, 9, 8, 9, 5, 9, 1, 3, 3, 2, 1, 2, 8, 9, 8, 3, 5, 4, 2]
receiveAfter: [7, 2, 8, 4, 9, 7, 2, 7, 5, 1, 4, 7, 2, 3, 4, 3, 7, 7, 4, 6, 6, 3, 9, 3, 7, 5, 9, 1, 6, 4, 4, 2, 9, 8, 9, 5, 9, 1, 3, 3, 2, 1, 2, 8, 9, 8, 3, 5, 4, 2, 4, 5, 9, 2, 5, 2, 8, 3, 4, 2, 8, 8, 6, 6, 7, 4, 9, 5, 8, 7, 5, 6, 3, 1, 8, 9, 6, 6, 8, 1, 2, 9, 9, 6, 4, 9, 1, 3, 6, 9, 9, 8, 6, 5, 1, 4, 5, 9, 8, 7]
Change: В ожидании


Итерация 80:

*********************************Состояние работы потоков с данными*********************************

create: [3, 7, 2, 3, 8, 7, 9, 6, 9, 4, 7, 4, 9, 6, 6, 5, 8, 5, 3, 7, 4, 4, 7, 3, 1, 2, 6, 3, 1, 2, 2, 9, 8, 4, 9, 9, 4, 6, 2, 4, 4, 3, 6, 3, 2, 4, 1, 5, 6, 2, 3, 9, 1, 8, 1, 2, 9, 4, 4, 9, 5, 9, 4, 3, 3, 1, 4, 6, 9, 6, 2, 4, 2, 7, 3, 2, 1, 4, 1, 5, 5, 6, 8, 7, 9, 4, 8, 2, 6, 7, 4, 5, 4, 1, 9, 1, 2, 9, 1, 3]
send: В ожидании
receive: В ожидании
Change: [17, 12, 18, 14, 19, 17, 12, 17, 15, 11, 14, 17, 12, 13, 14, 13, 17, 17, 14, 16, 16, 13, 19, 13, 17, 15, 19, 11, 16, 14, 14, 12, 19, 18, 19, 15, 19, 11, 13, 13, 12, 11, 12, 18, 19, 18, 13, 15, 14, 12, 14, 15, 19, 12, 15, 12, 18, 13, 14, 12, 18, 18, 16, 16, 17, 14, 19, 15, 18, 17, 15, 16, 13, 11, 18, 19, 16, 16, 18, 11, 12, 19, 19, 16, 14, 19, 11, 13, 16, 19, 19, 18, 16, 15, 11, 14, 15, 19, 18, 17]

*************************************Состояние передачи данных**************************************

create: В ожидании
sendBefore: [3, 7, 2, 3, 8, 7, 9, 6, 9, 4, 7, 4, 9, 6, 6, 5, 8, 5, 3, 7, 4, 4, 7, 3, 1, 2, 6, 3, 1, 2, 2, 9, 8, 4, 9, 9, 4, 6, 2, 4, 4, 3, 6, 3, 2, 4, 1, 5, 6, 2, 3, 9, 1, 8, 1, 2, 9, 4, 4, 9, 5, 9, 4, 3, 3, 1, 4, 6, 9, 6, 2, 4, 2, 7, 3, 2, 1, 4, 1, 5, 5, 6, 8, 7, 9, 4, 8, 2, 6, 7, 4, 5, 4, 1, 9, 1, 2, 9, 1, 3]
sendAfter: [3, 9, 1, 8, 1, 2, 9, 4, 4, 9, 5, 9, 4, 3, 3, 1, 4, 6, 9, 6, 2, 4, 2, 7, 3, 2, 1, 4, 1, 5, 5, 6, 8, 7, 9, 4, 8, 2, 6, 7, 4, 5, 4, 1, 9, 1, 2, 9, 1, 3]
buffer: [3, 7, 2, 3, 8, 7, 9, 6, 9, 4, 7, 4, 9, 6, 6, 5, 8, 5, 3, 7, 4, 4, 7, 3, 1, 2, 6, 3, 1, 2, 2, 9, 8, 4, 9, 9, 4, 6, 2, 4, 4, 3, 6, 3, 2, 4, 1, 5, 6, 2]
receiveBefore: []
receiveAfter: [3, 7, 2, 3, 8, 7, 9, 6, 9, 4, 7, 4, 9, 6, 6, 5, 8, 5, 3, 7, 4, 4, 7, 3, 1, 2, 6, 3, 1, 2, 2, 9, 8, 4, 9, 9, 4, 6, 2, 4, 4, 3, 6, 3, 2, 4, 1, 5, 6, 2]
Change: В ожидании

*************************************Состояние передачи данных**************************************

create: В ожидании
sendBefore: [3, 9, 1, 8, 1, 2, 9, 4, 4, 9, 5, 9, 4, 3, 3, 1, 4, 6, 9, 6, 2, 4, 2, 7, 3, 2, 1, 4, 1, 5, 5, 6, 8, 7, 9, 4, 8, 2, 6, 7, 4, 5, 4, 1, 9, 1, 2, 9, 1, 3]
sendAfter: []
buffer: [3, 9, 1, 8, 1, 2, 9, 4, 4, 9, 5, 9, 4, 3, 3, 1, 4, 6, 9, 6, 2, 4, 2, 7, 3, 2, 1, 4, 1, 5, 5, 6, 8, 7, 9, 4, 8, 2, 6, 7, 4, 5, 4, 1, 9, 1, 2, 9, 1, 3]
receiveBefore: [3, 7, 2, 3, 8, 7, 9, 6, 9, 4, 7, 4, 9, 6, 6, 5, 8, 5, 3, 7, 4, 4, 7, 3, 1, 2, 6, 3, 1, 2, 2, 9, 8, 4, 9, 9, 4, 6, 2, 4, 4, 3, 6, 3, 2, 4, 1, 5, 6, 2]
receiveAfter: [3, 7, 2, 3, 8, 7, 9, 6, 9, 4, 7, 4, 9, 6, 6, 5, 8, 5, 3, 7, 4, 4, 7, 3, 1, 2, 6, 3, 1, 2, 2, 9, 8, 4, 9, 9, 4, 6, 2, 4, 4, 3, 6, 3, 2, 4, 1, 5, 6, 2, 3, 9, 1, 8, 1, 2, 9, 4, 4, 9, 5, 9, 4, 3, 3, 1, 4, 6, 9, 6, 2, 4, 2, 7, 3, 2, 1, 4, 1, 5, 5, 6, 8, 7, 9, 4, 8, 2, 6, 7, 4, 5, 4, 1, 9, 1, 2, 9, 1, 3]
Change: В ожидании


Итерация 83:

*********************************Состояние работы потоков с данными*********************************

create: [7, 7, 2, 1, 3, 5, 6, 6, 6, 8, 5, 5, 8, 4, 2, 4, 6, 4, 3, 5, 2, 5, 8, 1, 6, 9, 7, 5, 1, 9, 7, 6, 2, 9, 6, 7, 4, 4, 7, 5, 5, 9, 5, 4, 4, 9, 8, 3, 3, 1, 3, 1, 2, 9, 4, 3, 4, 8, 7, 5, 4, 4, 6, 5, 8, 4, 4, 3, 5, 1, 9, 5, 1, 2, 1, 7, 5, 7, 9, 1, 8, 5, 1, 7, 2, 2, 9, 1, 7, 9, 1, 2, 2, 2, 4, 4, 2, 2, 7, 5]
send: В ожидании
receive: В ожидании
Change: [13, 17, 12, 13, 18, 17, 19, 16, 19, 14, 17, 14, 19, 16, 16, 15, 18, 15, 13, 17, 14, 14, 17, 13, 11, 12, 16, 13, 11, 12, 12, 19, 18, 14, 19, 19, 14, 16, 12, 14, 14, 13, 16, 13, 12, 14, 11, 15, 16, 12, 13, 19, 11, 18, 11, 12, 19, 14, 14, 19, 15, 19, 14, 13, 13, 11, 14, 16, 19, 16, 12, 14, 12, 17, 13, 12, 11, 14, 11, 15, 15, 16, 18, 17, 19, 14, 18, 12, 16, 17, 14, 15, 14, 11, 19, 11, 12, 19, 11, 13]

*************************************Состояние передачи данных**************************************

create: В ожидании
sendBefore: [7, 7, 2, 1, 3, 5, 6, 6, 6, 8, 5, 5, 8, 4, 2, 4, 6, 4, 3, 5, 2, 5, 8, 1, 6, 9, 7, 5, 1, 9, 7, 6, 2, 9, 6, 7, 4, 4, 7, 5, 5, 9, 5, 4, 4, 9, 8, 3, 3, 1, 3, 1, 2, 9, 4, 3, 4, 8, 7, 5, 4, 4, 6, 5, 8, 4, 4, 3, 5, 1, 9, 5, 1, 2, 1, 7, 5, 7, 9, 1, 8, 5, 1, 7, 2, 2, 9, 1, 7, 9, 1, 2, 2, 2, 4, 4, 2, 2, 7, 5]
sendAfter: [3, 1, 2, 9, 4, 3, 4, 8, 7, 5, 4, 4, 6, 5, 8, 4, 4, 3, 5, 1, 9, 5, 1, 2, 1, 7, 5, 7, 9, 1, 8, 5, 1, 7, 2, 2, 9, 1, 7, 9, 1, 2, 2, 2, 4, 4, 2, 2, 7, 5]
buffer: [7, 7, 2, 1, 3, 5, 6, 6, 6, 8, 5, 5, 8, 4, 2, 4, 6, 4, 3, 5, 2, 5, 8, 1, 6, 9, 7, 5, 1, 9, 7, 6, 2, 9, 6, 7, 4, 4, 7, 5, 5, 9, 5, 4, 4, 9, 8, 3, 3, 1]
receiveBefore: []
receiveAfter: [7, 7, 2, 1, 3, 5, 6, 6, 6, 8, 5, 5, 8, 4, 2, 4, 6, 4, 3, 5, 2, 5, 8, 1, 6, 9, 7, 5, 1, 9, 7, 6, 2, 9, 6, 7, 4, 4, 7, 5, 5, 9, 5, 4, 4, 9, 8, 3, 3, 1]
Change: В ожидании

*************************************Состояние передачи данных**************************************

create: В ожидании
sendBefore: [3, 1, 2, 9, 4, 3, 4, 8, 7, 5, 4, 4, 6, 5, 8, 4, 4, 3, 5, 1, 9, 5, 1, 2, 1, 7, 5, 7, 9, 1, 8, 5, 1, 7, 2, 2, 9, 1, 7, 9, 1, 2, 2, 2, 4, 4, 2, 2, 7, 5]
sendAfter: []
buffer: [3, 1, 2, 9, 4, 3, 4, 8, 7, 5, 4, 4, 6, 5, 8, 4, 4, 3, 5, 1, 9, 5, 1, 2, 1, 7, 5, 7, 9, 1, 8, 5, 1, 7, 2, 2, 9, 1, 7, 9, 1, 2, 2, 2, 4, 4, 2, 2, 7, 5]
receiveBefore: [7, 7, 2, 1, 3, 5, 6, 6, 6, 8, 5, 5, 8, 4, 2, 4, 6, 4, 3, 5, 2, 5, 8, 1, 6, 9, 7, 5, 1, 9, 7, 6, 2, 9, 6, 7, 4, 4, 7, 5, 5, 9, 5, 4, 4, 9, 8, 3, 3, 1]
receiveAfter: [7, 7, 2, 1, 3, 5, 6, 6, 6, 8, 5, 5, 8, 4, 2, 4, 6, 4, 3, 5, 2, 5, 8, 1, 6, 9, 7, 5, 1, 9, 7, 6, 2, 9, 6, 7, 4, 4, 7, 5, 5, 9, 5, 4, 4, 9, 8, 3, 3, 1, 3, 1, 2, 9, 4, 3, 4, 8, 7, 5, 4, 4, 6, 5, 8, 4, 4, 3, 5, 1, 9, 5, 1, 2, 1, 7, 5, 7, 9, 1, 8, 5, 1, 7, 2, 2, 9, 1, 7, 9, 1, 2, 2, 2, 4, 4, 2, 2, 7, 5]
Change: В ожидании


Итерация 86:

*********************************Состояние работы потоков с данными*********************************

create: [2, 7, 5, 3, 8, 6, 3, 4, 6, 3, 1, 6, 6, 3, 2, 6, 5, 5, 2, 5, 5, 9, 1, 5, 1, 9, 9, 7, 3, 2, 8, 7, 6, 5, 5, 6, 7, 7, 1, 1, 6, 7, 4, 4, 1, 7, 6, 5, 7, 9, 1, 9, 3, 8, 7, 6, 3, 1, 4, 1, 9, 6, 6, 4, 8, 2, 9, 2, 4, 1, 3, 8, 5, 6, 5, 1, 4, 4, 2, 5, 9, 7, 5, 5, 3, 1, 1, 1, 9, 5, 2, 3, 8, 2, 1, 8, 9, 9, 9, 4]
send: В ожидании
receive: В ожидании
Change: [17, 17, 12, 11, 13, 15, 16, 16, 16, 18, 15, 15, 18, 14, 12, 14, 16, 14, 13, 15, 12, 15, 18, 11, 16, 19, 17, 15, 11, 19, 17, 16, 12, 19, 16, 17, 14, 14, 17, 15, 15, 19, 15, 14, 14, 19, 18, 13, 13, 11, 13, 11, 12, 19, 14, 13, 14, 18, 17, 15, 14, 14, 16, 15, 18, 14, 14, 13, 15, 11, 19, 15, 11, 12, 11, 17, 15, 17, 19, 11, 18, 15, 11, 17, 12, 12, 19, 11, 17, 19, 11, 12, 12, 12, 14, 14, 12, 12, 17, 15]

*************************************Состояние передачи данных**************************************

create: В ожидании
sendBefore: [2, 7, 5, 3, 8, 6, 3, 4, 6, 3, 1, 6, 6, 3, 2, 6, 5, 5, 2, 5, 5, 9, 1, 5, 1, 9, 9, 7, 3, 2, 8, 7, 6, 5, 5, 6, 7, 7, 1, 1, 6, 7, 4, 4, 1, 7, 6, 5, 7, 9, 1, 9, 3, 8, 7, 6, 3, 1, 4, 1, 9, 6, 6, 4, 8, 2, 9, 2, 4, 1, 3, 8, 5, 6, 5, 1, 4, 4, 2, 5, 9, 7, 5, 5, 3, 1, 1, 1, 9, 5, 2, 3, 8, 2, 1, 8, 9, 9, 9, 4]
sendAfter: [1, 9, 3, 8, 7, 6, 3, 1, 4, 1, 9, 6, 6, 4, 8, 2, 9, 2, 4, 1, 3, 8, 5, 6, 5, 1, 4, 4, 2, 5, 9, 7, 5, 5, 3, 1, 1, 1, 9, 5, 2, 3, 8, 2, 1, 8, 9, 9, 9, 4]
buffer: [2, 7, 5, 3, 8, 6, 3, 4, 6, 3, 1, 6, 6, 3, 2, 6, 5, 5, 2, 5, 5, 9, 1, 5, 1, 9, 9, 7, 3, 2, 8, 7, 6, 5, 5, 6, 7, 7, 1, 1, 6, 7, 4, 4, 1, 7, 6, 5, 7, 9]
receiveBefore: []
receiveAfter: [2, 7, 5, 3, 8, 6, 3, 4, 6, 3, 1, 6, 6, 3, 2, 6, 5, 5, 2, 5, 5, 9, 1, 5, 1, 9, 9, 7, 3, 2, 8, 7, 6, 5, 5, 6, 7, 7, 1, 1, 6, 7, 4, 4, 1, 7, 6, 5, 7, 9]
Change: В ожидании

*************************************Состояние передачи данных**************************************

create: В ожидании
sendBefore: [1, 9, 3, 8, 7, 6, 3, 1, 4, 1, 9, 6, 6, 4, 8, 2, 9, 2, 4, 1, 3, 8, 5, 6, 5, 1, 4, 4, 2, 5, 9, 7, 5, 5, 3, 1, 1, 1, 9, 5, 2, 3, 8, 2, 1, 8, 9, 9, 9, 4]
sendAfter: []
buffer: [1, 9, 3, 8, 7, 6, 3, 1, 4, 1, 9, 6, 6, 4, 8, 2, 9, 2, 4, 1, 3, 8, 5, 6, 5, 1, 4, 4, 2, 5, 9, 7, 5, 5, 3, 1, 1, 1, 9, 5, 2, 3, 8, 2, 1, 8, 9, 9, 9, 4]
receiveBefore: [2, 7, 5, 3, 8, 6, 3, 4, 6, 3, 1, 6, 6, 3, 2, 6, 5, 5, 2, 5, 5, 9, 1, 5, 1, 9, 9, 7, 3, 2, 8, 7, 6, 5, 5, 6, 7, 7, 1, 1, 6, 7, 4, 4, 1, 7, 6, 5, 7, 9]
receiveAfter: [2, 7, 5, 3, 8, 6, 3, 4, 6, 3, 1, 6, 6, 3, 2, 6, 5, 5, 2, 5, 5, 9, 1, 5, 1, 9, 9, 7, 3, 2, 8, 7, 6, 5, 5, 6, 7, 7, 1, 1, 6, 7, 4, 4, 1, 7, 6, 5, 7, 9, 1, 9, 3, 8, 7, 6, 3, 1, 4, 1, 9, 6, 6, 4, 8, 2, 9, 2, 4, 1, 3, 8, 5, 6, 5, 1, 4, 4, 2, 5, 9, 7, 5, 5, 3, 1, 1, 1, 9, 5, 2, 3, 8, 2, 1, 8, 9, 9, 9, 4]
Change: В ожидании


Итерация 89:

*********************************Состояние работы потоков с данными*********************************

create: [1, 6, 3, 5, 7, 3, 5, 9, 2, 5, 5, 2, 5, 2, 5, 8, 4, 9, 8, 3, 4, 4, 9, 2, 4, 3, 1, 2, 8, 1, 2, 2, 6, 9, 3, 8, 7, 4, 9, 5, 3, 1, 6, 4, 7, 3, 6, 3, 6, 2, 6, 3, 2, 8, 1, 9, 5, 4, 2, 1, 1, 5, 6, 6, 8, 7, 1, 2, 7, 3, 4, 2, 6, 5, 2, 4, 1, 3, 7, 8, 1, 6, 1, 3, 5, 5, 1, 3, 3, 5, 5, 2, 7, 9, 9, 3, 7, 8, 4, 4]
send: В ожидании
receive: В ожидании
Change: [12, 17, 15, 13, 18, 16, 13, 14, 16, 13, 11, 16, 16, 13, 12, 16, 15, 15, 12, 15, 15, 19, 11, 15, 11, 19, 19, 17, 13, 12, 18, 17, 16, 15, 15, 16, 17, 17, 11, 11, 16, 17, 14, 14, 11, 17, 16, 15, 17, 19, 11, 19, 13, 18, 17, 16, 13, 11, 14, 11, 19, 16, 16, 14, 18, 12, 19, 12, 14, 11, 13, 18, 15, 16, 15, 11, 14, 14, 12, 15, 19, 17, 15, 15, 13, 11, 11, 11, 19, 15, 12, 13, 18, 12, 11, 18, 19, 19, 19, 14]

*************************************Состояние передачи данных**************************************

create: В ожидании
sendBefore: [1, 6, 3, 5, 7, 3, 5, 9, 2, 5, 5, 2, 5, 2, 5, 8, 4, 9, 8, 3, 4, 4, 9, 2, 4, 3, 1, 2, 8, 1, 2, 2, 6, 9, 3, 8, 7, 4, 9, 5, 3, 1, 6, 4, 7, 3, 6, 3, 6, 2, 6, 3, 2, 8, 1, 9, 5, 4, 2, 1, 1, 5, 6, 6, 8, 7, 1, 2, 7, 3, 4, 2, 6, 5, 2, 4, 1, 3, 7, 8, 1, 6, 1, 3, 5, 5, 1, 3, 3, 5, 5, 2, 7, 9, 9, 3, 7, 8, 4, 4]
sendAfter: [6, 3, 2, 8, 1, 9, 5, 4, 2, 1, 1, 5, 6, 6, 8, 7, 1, 2, 7, 3, 4, 2, 6, 5, 2, 4, 1, 3, 7, 8, 1, 6, 1, 3, 5, 5, 1, 3, 3, 5, 5, 2, 7, 9, 9, 3, 7, 8, 4, 4]
buffer: [1, 6, 3, 5, 7, 3, 5, 9, 2, 5, 5, 2, 5, 2, 5, 8, 4, 9, 8, 3, 4, 4, 9, 2, 4, 3, 1, 2, 8, 1, 2, 2, 6, 9, 3, 8, 7, 4, 9, 5, 3, 1, 6, 4, 7, 3, 6, 3, 6, 2]
receiveBefore: []
receiveAfter: [1, 6, 3, 5, 7, 3, 5, 9, 2, 5, 5, 2, 5, 2, 5, 8, 4, 9, 8, 3, 4, 4, 9, 2, 4, 3, 1, 2, 8, 1, 2, 2, 6, 9, 3, 8, 7, 4, 9, 5, 3, 1, 6, 4, 7, 3, 6, 3, 6, 2]
Change: В ожидании

*************************************Состояние передачи данных**************************************

create: В ожидании
sendBefore: [6, 3, 2, 8, 1, 9, 5, 4, 2, 1, 1, 5, 6, 6, 8, 7, 1, 2, 7, 3, 4, 2, 6, 5, 2, 4, 1, 3, 7, 8, 1, 6, 1, 3, 5, 5, 1, 3, 3, 5, 5, 2, 7, 9, 9, 3, 7, 8, 4, 4]
sendAfter: []
buffer: [6, 3, 2, 8, 1, 9, 5, 4, 2, 1, 1, 5, 6, 6, 8, 7, 1, 2, 7, 3, 4, 2, 6, 5, 2, 4, 1, 3, 7, 8, 1, 6, 1, 3, 5, 5, 1, 3, 3, 5, 5, 2, 7, 9, 9, 3, 7, 8, 4, 4]
receiveBefore: [1, 6, 3, 5, 7, 3, 5, 9, 2, 5, 5, 2, 5, 2, 5, 8, 4, 9, 8, 3, 4, 4, 9, 2, 4, 3, 1, 2, 8, 1, 2, 2, 6, 9, 3, 8, 7, 4, 9, 5, 3, 1, 6, 4, 7, 3, 6, 3, 6, 2]
receiveAfter: [1, 6, 3, 5, 7, 3, 5, 9, 2, 5, 5, 2, 5, 2, 5, 8, 4, 9, 8, 3, 4, 4, 9, 2, 4, 3, 1, 2, 8, 1, 2, 2, 6, 9, 3, 8, 7, 4, 9, 5, 3, 1, 6, 4, 7, 3, 6, 3, 6, 2, 6, 3, 2, 8, 1, 9, 5, 4, 2, 1, 1, 5, 6, 6, 8, 7, 1, 2, 7, 3, 4, 2, 6, 5, 2, 4, 1, 3, 7, 8, 1, 6, 1, 3, 5, 5, 1, 3, 3, 5, 5, 2, 7, 9, 9, 3, 7, 8, 4, 4]
Change: В ожидании


Итерация 92:

*********************************Состояние работы потоков с данными*********************************

create: [5, 4, 8, 2, 6, 2, 6, 8, 5, 7, 5, 1, 6, 2, 3, 8, 8, 2, 1, 1, 6, 7, 3, 5, 5, 6, 7, 2, 8, 3, 8, 4, 5, 1, 7, 4, 8, 6, 7, 2, 2, 2, 3, 3, 6, 1, 9, 1, 3, 8, 9, 8, 8, 3, 2, 3, 2, 5, 9, 9, 7, 9, 8, 4, 7, 9, 9, 6, 1, 1, 6, 4, 3, 5, 5, 4, 5, 2, 4, 5, 6, 3, 6, 2, 9, 8, 3, 4, 9, 6, 6, 3, 4, 3, 5, 3, 4, 7, 3, 8]
send: В ожидании
receive: В ожидании
Change: [11, 16, 13, 15, 17, 13, 15, 19, 12, 15, 15, 12, 15, 12, 15, 18, 14, 19, 18, 13, 14, 14, 19, 12, 14, 13, 11, 12, 18, 11, 12, 12, 16, 19, 13, 18, 17, 14, 19, 15, 13, 11, 16, 14, 17, 13, 16, 13, 16, 12, 16, 13, 12, 18, 11, 19, 15, 14, 12, 11, 11, 15, 16, 16, 18, 17, 11, 12, 17, 13, 14, 12, 16, 15, 12, 14, 11, 13, 17, 18, 11, 16, 11, 13, 15, 15, 11, 13, 13, 15, 15, 12, 17, 19, 19, 13, 17, 18, 14, 14]

*************************************Состояние передачи данных**************************************

create: В ожидании
sendBefore: [5, 4, 8, 2, 6, 2, 6, 8, 5, 7, 5, 1, 6, 2, 3, 8, 8, 2, 1, 1, 6, 7, 3, 5, 5, 6, 7, 2, 8, 3, 8, 4, 5, 1, 7, 4, 8, 6, 7, 2, 2, 2, 3, 3, 6, 1, 9, 1, 3, 8, 9, 8, 8, 3, 2, 3, 2, 5, 9, 9, 7, 9, 8, 4, 7, 9, 9, 6, 1, 1, 6, 4, 3, 5, 5, 4, 5, 2, 4, 5, 6, 3, 6, 2, 9, 8, 3, 4, 9, 6, 6, 3, 4, 3, 5, 3, 4, 7, 3, 8]
sendAfter: [9, 8, 8, 3, 2, 3, 2, 5, 9, 9, 7, 9, 8, 4, 7, 9, 9, 6, 1, 1, 6, 4, 3, 5, 5, 4, 5, 2, 4, 5, 6, 3, 6, 2, 9, 8, 3, 4, 9, 6, 6, 3, 4, 3, 5, 3, 4, 7, 3, 8]
buffer: [5, 4, 8, 2, 6, 2, 6, 8, 5, 7, 5, 1, 6, 2, 3, 8, 8, 2, 1, 1, 6, 7, 3, 5, 5, 6, 7, 2, 8, 3, 8, 4, 5, 1, 7, 4, 8, 6, 7, 2, 2, 2, 3, 3, 6, 1, 9, 1, 3, 8]
receiveBefore: []
receiveAfter: [5, 4, 8, 2, 6, 2, 6, 8, 5, 7, 5, 1, 6, 2, 3, 8, 8, 2, 1, 1, 6, 7, 3, 5, 5, 6, 7, 2, 8, 3, 8, 4, 5, 1, 7, 4, 8, 6, 7, 2, 2, 2, 3, 3, 6, 1, 9, 1, 3, 8]
Change: В ожидании

*************************************Состояние передачи данных**************************************

create: В ожидании
sendBefore: [9, 8, 8, 3, 2, 3, 2, 5, 9, 9, 7, 9, 8, 4, 7, 9, 9, 6, 1, 1, 6, 4, 3, 5, 5, 4, 5, 2, 4, 5, 6, 3, 6, 2, 9, 8, 3, 4, 9, 6, 6, 3, 4, 3, 5, 3, 4, 7, 3, 8]
sendAfter: []
buffer: [9, 8, 8, 3, 2, 3, 2, 5, 9, 9, 7, 9, 8, 4, 7, 9, 9, 6, 1, 1, 6, 4, 3, 5, 5, 4, 5, 2, 4, 5, 6, 3, 6, 2, 9, 8, 3, 4, 9, 6, 6, 3, 4, 3, 5, 3, 4, 7, 3, 8]
receiveBefore: [5, 4, 8, 2, 6, 2, 6, 8, 5, 7, 5, 1, 6, 2, 3, 8, 8, 2, 1, 1, 6, 7, 3, 5, 5, 6, 7, 2, 8, 3, 8, 4, 5, 1, 7, 4, 8, 6, 7, 2, 2, 2, 3, 3, 6, 1, 9, 1, 3, 8]
receiveAfter: [5, 4, 8, 2, 6, 2, 6, 8, 5, 7, 5, 1, 6, 2, 3, 8, 8, 2, 1, 1, 6, 7, 3, 5, 5, 6, 7, 2, 8, 3, 8, 4, 5, 1, 7, 4, 8, 6, 7, 2, 2, 2, 3, 3, 6, 1, 9, 1, 3, 8, 9, 8, 8, 3, 2, 3, 2, 5, 9, 9, 7, 9, 8, 4, 7, 9, 9, 6, 1, 1, 6, 4, 3, 5, 5, 4, 5, 2, 4, 5, 6, 3, 6, 2, 9, 8, 3, 4, 9, 6, 6, 3, 4, 3, 5, 3, 4, 7, 3, 8]
Change: В ожидании


Итерация 95:

*********************************Состояние работы потоков с данными*********************************

create: [6, 9, 9, 5, 6, 9, 7, 2, 3, 1, 6, 8, 9, 1, 8, 1, 3, 3, 1, 7, 7, 8, 9, 2, 3, 3, 8, 3, 9, 9, 5, 1, 6, 2, 2, 7, 5, 1, 9, 6, 4, 7, 7, 4, 2, 4, 9, 2, 2, 7, 5, 2, 5, 6, 1, 8, 6, 7, 7, 3, 4, 4, 8, 1, 5, 3, 3, 1, 2, 2, 6, 3, 9, 7, 4, 8, 7, 2, 1, 1, 4, 4, 7, 7, 9, 8, 5, 5, 7, 6, 3, 8, 6, 5, 2, 1, 2, 1, 4, 9]
send: В ожидании
receive: В ожидании
Change: [15, 14, 18, 12, 16, 12, 16, 18, 15, 17, 15, 11, 16, 12, 13, 18, 18, 12, 11, 11, 16, 17, 13, 15, 15, 16, 17, 12, 18, 13, 18, 14, 15, 11, 17, 14, 18, 16, 17, 12, 12, 12, 13, 13, 16, 11, 19, 11, 13, 18, 19, 18, 18, 13, 12, 13, 12, 15, 19, 19, 17, 19, 18, 14, 17, 19, 19, 16, 11, 11, 16, 14, 13, 15, 15, 14, 15, 12, 14, 15, 16, 13, 16, 12, 19, 18, 13, 14, 19, 16, 16, 13, 14, 13, 15, 13, 14, 17, 13, 18]

*************************************Состояние передачи данных**************************************

create: В ожидании
sendBefore: [6, 9, 9, 5, 6, 9, 7, 2, 3, 1, 6, 8, 9, 1, 8, 1, 3, 3, 1, 7, 7, 8, 9, 2, 3, 3, 8, 3, 9, 9, 5, 1, 6, 2, 2, 7, 5, 1, 9, 6, 4, 7, 7, 4, 2, 4, 9, 2, 2, 7, 5, 2, 5, 6, 1, 8, 6, 7, 7, 3, 4, 4, 8, 1, 5, 3, 3, 1, 2, 2, 6, 3, 9, 7, 4, 8, 7, 2, 1, 1, 4, 4, 7, 7, 9, 8, 5, 5, 7, 6, 3, 8, 6, 5, 2, 1, 2, 1, 4, 9]
sendAfter: [5, 2, 5, 6, 1, 8, 6, 7, 7, 3, 4, 4, 8, 1, 5, 3, 3, 1, 2, 2, 6, 3, 9, 7, 4, 8, 7, 2, 1, 1, 4, 4, 7, 7, 9, 8, 5, 5, 7, 6, 3, 8, 6, 5, 2, 1, 2, 1, 4, 9]
buffer: [6, 9, 9, 5, 6, 9, 7, 2, 3, 1, 6, 8, 9, 1, 8, 1, 3, 3, 1, 7, 7, 8, 9, 2, 3, 3, 8, 3, 9, 9, 5, 1, 6, 2, 2, 7, 5, 1, 9, 6, 4, 7, 7, 4, 2, 4, 9, 2, 2, 7]
receiveBefore: []
receiveAfter: [6, 9, 9, 5, 6, 9, 7, 2, 3, 1, 6, 8, 9, 1, 8, 1, 3, 3, 1, 7, 7, 8, 9, 2, 3, 3, 8, 3, 9, 9, 5, 1, 6, 2, 2, 7, 5, 1, 9, 6, 4, 7, 7, 4, 2, 4, 9, 2, 2, 7]
Change: В ожидании

*************************************Состояние передачи данных**************************************

create: В ожидании
sendBefore: [5, 2, 5, 6, 1, 8, 6, 7, 7, 3, 4, 4, 8, 1, 5, 3, 3, 1, 2, 2, 6, 3, 9, 7, 4, 8, 7, 2, 1, 1, 4, 4, 7, 7, 9, 8, 5, 5, 7, 6, 3, 8, 6, 5, 2, 1, 2, 1, 4, 9]
sendAfter: []
buffer: [5, 2, 5, 6, 1, 8, 6, 7, 7, 3, 4, 4, 8, 1, 5, 3, 3, 1, 2, 2, 6, 3, 9, 7, 4, 8, 7, 2, 1, 1, 4, 4, 7, 7, 9, 8, 5, 5, 7, 6, 3, 8, 6, 5, 2, 1, 2, 1, 4, 9]
receiveBefore: [6, 9, 9, 5, 6, 9, 7, 2, 3, 1, 6, 8, 9, 1, 8, 1, 3, 3, 1, 7, 7, 8, 9, 2, 3, 3, 8, 3, 9, 9, 5, 1, 6, 2, 2, 7, 5, 1, 9, 6, 4, 7, 7, 4, 2, 4, 9, 2, 2, 7]
receiveAfter: [6, 9, 9, 5, 6, 9, 7, 2, 3, 1, 6, 8, 9, 1, 8, 1, 3, 3, 1, 7, 7, 8, 9, 2, 3, 3, 8, 3, 9, 9, 5, 1, 6, 2, 2, 7, 5, 1, 9, 6, 4, 7, 7, 4, 2, 4, 9, 2, 2, 7, 5, 2, 5, 6, 1, 8, 6, 7, 7, 3, 4, 4, 8, 1, 5, 3, 3, 1, 2, 2, 6, 3, 9, 7, 4, 8, 7, 2, 1, 1, 4, 4, 7, 7, 9, 8, 5, 5, 7, 6, 3, 8, 6, 5, 2, 1, 2, 1, 4, 9]
Change: В ожидании


Итерация 98:

*********************************Состояние работы потоков с данными*********************************

create: [5, 5, 3, 7, 4, 2, 8, 9, 5, 7, 5, 7, 2, 3, 6, 9, 6, 3, 4, 7, 6, 7, 2, 2, 8, 9, 5, 6, 2, 4, 6, 2, 1, 2, 9, 7, 1, 3, 3, 1, 5, 2, 2, 6, 1, 9, 4, 1, 7, 8, 3, 1, 5, 7, 2, 7, 9, 6, 9, 5, 9, 7, 1, 7, 9, 1, 9, 2, 1, 7, 6, 4, 6, 1, 9, 2, 3, 5, 5, 1, 5, 2, 6, 5, 1, 1, 6, 6, 6, 3, 1, 3, 5, 1, 3, 6, 6, 2, 2, 2]
send: В ожидании
receive: В ожидании
Change: [16, 19, 19, 15, 16, 19, 17, 12, 13, 11, 16, 18, 19, 11, 18, 11, 13, 13, 11, 17, 17, 18, 19, 12, 13, 13, 18, 13, 19, 19, 15, 11, 16, 12, 12, 17, 15, 11, 19, 16, 14, 17, 17, 14, 12, 14, 19, 12, 12, 17, 15, 12, 15, 16, 11, 18, 16, 17, 17, 13, 14, 14, 18, 11, 15, 13, 13, 11, 12, 12, 16, 13, 19, 17, 14, 18, 17, 12, 11, 11, 14, 14, 17, 17, 19, 18, 15, 15, 17, 16, 13, 18, 16, 15, 12, 11, 12, 11, 14, 19]

*************************************Состояние передачи данных**************************************

create: В ожидании
sendBefore: [5, 5, 3, 7, 4, 2, 8, 9, 5, 7, 5, 7, 2, 3, 6, 9, 6, 3, 4, 7, 6, 7, 2, 2, 8, 9, 5, 6, 2, 4, 6, 2, 1, 2, 9, 7, 1, 3, 3, 1, 5, 2, 2, 6, 1, 9, 4, 1, 7, 8, 3, 1, 5, 7, 2, 7, 9, 6, 9, 5, 9, 7, 1, 7, 9, 1, 9, 2, 1, 7, 6, 4, 6, 1, 9, 2, 3, 5, 5, 1, 5, 2, 6, 5, 1, 1, 6, 6, 6, 3, 1, 3, 5, 1, 3, 6, 6, 2, 2, 2]
sendAfter: [3, 1, 5, 7, 2, 7, 9, 6, 9, 5, 9, 7, 1, 7, 9, 1, 9, 2, 1, 7, 6, 4, 6, 1, 9, 2, 3, 5, 5, 1, 5, 2, 6, 5, 1, 1, 6, 6, 6, 3, 1, 3, 5, 1, 3, 6, 6, 2, 2, 2]
buffer: [5, 5, 3, 7, 4, 2, 8, 9, 5, 7, 5, 7, 2, 3, 6, 9, 6, 3, 4, 7, 6, 7, 2, 2, 8, 9, 5, 6, 2, 4, 6, 2, 1, 2, 9, 7, 1, 3, 3, 1, 5, 2, 2, 6, 1, 9, 4, 1, 7, 8]
receiveBefore: []
receiveAfter: [5, 5, 3, 7, 4, 2, 8, 9, 5, 7, 5, 7, 2, 3, 6, 9, 6, 3, 4, 7, 6, 7, 2, 2, 8, 9, 5, 6, 2, 4, 6, 2, 1, 2, 9, 7, 1, 3, 3, 1, 5, 2, 2, 6, 1, 9, 4, 1, 7, 8]
Change: В ожидании

*************************************Состояние передачи данных**************************************

create: В ожидании
sendBefore: [3, 1, 5, 7, 2, 7, 9, 6, 9, 5, 9, 7, 1, 7, 9, 1, 9, 2, 1, 7, 6, 4, 6, 1, 9, 2, 3, 5, 5, 1, 5, 2, 6, 5, 1, 1, 6, 6, 6, 3, 1, 3, 5, 1, 3, 6, 6, 2, 2, 2]
sendAfter: []
buffer: [3, 1, 5, 7, 2, 7, 9, 6, 9, 5, 9, 7, 1, 7, 9, 1, 9, 2, 1, 7, 6, 4, 6, 1, 9, 2, 3, 5, 5, 1, 5, 2, 6, 5, 1, 1, 6, 6, 6, 3, 1, 3, 5, 1, 3, 6, 6, 2, 2, 2]
receiveBefore: [5, 5, 3, 7, 4, 2, 8, 9, 5, 7, 5, 7, 2, 3, 6, 9, 6, 3, 4, 7, 6, 7, 2, 2, 8, 9, 5, 6, 2, 4, 6, 2, 1, 2, 9, 7, 1, 3, 3, 1, 5, 2, 2, 6, 1, 9, 4, 1, 7, 8]
receiveAfter: [5, 5, 3, 7, 4, 2, 8, 9, 5, 7, 5, 7, 2, 3, 6, 9, 6, 3, 4, 7, 6, 7, 2, 2, 8, 9, 5, 6, 2, 4, 6, 2, 1, 2, 9, 7, 1, 3, 3, 1, 5, 2, 2, 6, 1, 9, 4, 1, 7, 8, 3, 1, 5, 7, 2, 7, 9, 6, 9, 5, 9, 7, 1, 7, 9, 1, 9, 2, 1, 7, 6, 4, 6, 1, 9, 2, 3, 5, 5, 1, 5, 2, 6, 5, 1, 1, 6, 6, 6, 3, 1, 3, 5, 1, 3, 6, 6, 2, 2, 2]
Change: В ожидании
